   0.100   3.358E-03
    0.200   3.617E-03
    0.300   3.896E-03
    0.400   4.196E-03
    0.500   4.517E-03
    0.600   4.859E-03
    0.700   5.222E-03
    0.800   5.607E-03
    0.900   6.014E-03
    1.000   6.443E-03
    1.100   6.895E-03
    1.200   7.370E-03
    1.300   7.869E-03
    1.400   8.393E-03
    1.500   8.941E-03
    1.600   9.515E-03
    1.700   1.012E-02
    1.800   1.074E-02
    1.900   1.140E-02
    2.000   1.209E-02
    2.100   1.281E-02
    2.200   1.357E-02
    2.300   1.437E-02
    2.400   1.521E-02
    2.500   1.611E-02
    2.600   1.708E-02
    2.700   1.816E-02
    2.800   1.945E-02
    2.900   2.123E-02
    3.000   2.376E-02
    3.100   2.577E-02
    3.200   2.740E-02
    3.300   2.897E-02
    3.400   3.061E-02
    3.500   3.242E-02
    3.600   3.457E-02
    3.700   3.721E-02
    3.800   4.007E-02
    3.900   4.259E-02
    4.000   4.481E-02
    4.100   4.688E-02
    4.200   4.891E-02
    4.300   5.093E-02
    4.400   5.298E-02
    4.500   5.507E-02
    4.600   5.721E-02
    4.700   5.941E-02
    4.800   6.168E-02
    4.900   6.402E-02
    5.000   6.643E-02
    5.100   6.893E-02
    5.200   7.151E-02
    5.300   7.419E-02
    5.400   7.696E-02
    5.500   7.983E-02
    5.600   8.281E-02
    5.700   8.591E-02
    5.800   8.912E-02
    5.900   9.246E-02
    6.000   9.594E-02
   6.1   0.101
   6.2   0.1372
   6.3   0.04831
   6.3   0.05027
   6.3   0.143
   6.3   0.1672
   6.4   0.2594
   6.5   0.04012
   6.6   0.143
   6.6   0.104
   6.7   0.0985
   6.8   0.09304
   6.8   0.06848
   6.9   0.1291
   7.0   0.1545
   7.1   0.1672
   7.2   0.1268
   7.3   0.1545
   7.3   0.05891
   7.4   0.0929
   7.5   0.1268
   7.6   0.166
   7.6   0.226
   7.7   0.1706
   7.7   0.2237
   7.7   0.2479
   7.8   0.3424
   7.9   0.3084
   8.0   0.2744
   8.1   0.415
   8.2   0.3476
   8.3   0.2802
   8.4   0.2352
   8.5   0.3413
   8.6   0.3457
   8.7   0.3501
   8.8   0.3546
   8.9   0.359
   9.0   0.3634
   9.1   0.3678
    9.200   3.857E-01
    9.300   4.095E-01
    9.400   4.358E-01
    9.500   4.648E-01
    9.600   4.969E-01
    9.700   5.326E-01
    9.800   5.723E-01
    9.900   6.163E-01
   10.000   6.650E-01
   10.100   7.183E-01
   10.200   7.760E-01
   10.300   8.374E-01
   10.400   9.014E-01
   10.500   9.666E-01
   10.600   1.032E+00
   10.700   1.097E+00
   10.800   1.162E+00
   10.900   1.227E+00
   11.000   1.292E+00
   11.100   1.357E+00
   11.200   1.421E+00
   11.300   1.483E+00
   11.400   1.541E+00
   11.500   1.596E+00
   11.600   1.650E+00
   11.700   1.703E+00
   11.800   1.756E+00
   11.900   1.811E+00
   12.000   1.868E+00
   12.100   1.925E+00
   12.200   1.983E+00
   12.300   2.041E+00
   12.400   2.098E+00
   12.500   2.156E+00
   12.600   2.215E+00
   12.700   2.277E+00
   12.800   2.343E+00
   12.900   2.414E+00
   13.000   2.489E+00
   13.100   2.567E+00
   13.200   2.649E+00
   13.300   2.734E+00
   13.400   2.820E+00
   13.500   2.909E+00
   13.600   3.000E+00
   13.700   3.094E+00
   13.800   3.191E+00
   13.900   3.290E+00
   14.000   3.391E+00
   14.100   3.494E+00
   14.200   3.597E+00
   14.300   3.700E+00
   14.400   3.800E+00
   14.500   3.897E+00
   14.600   3.990E+00
   14.700   4.078E+00
   14.800   4.160E+00
   14.900   4.234E+00
   15.000   4.302E+00
   15.100   4.363E+00
   15.200   4.418E+00
   15.300   4.468E+00
   15.400   4.514E+00
   15.500   4.558E+00
   15.600   4.603E+00
   15.700   4.648E+00
   15.800   4.695E+00
   15.900   4.744E+00
   16.000   4.794E+00
   16.100   4.843E+00
   16.200   4.891E+00
   16.300   4.935E+00
   16.400   4.972E+00
   16.500   5.003E+00
   16.600   5.025E+00
   16.700   5.039E+00
   16.800   5.046E+00
   16.900   5.045E+00
   17.000   5.038E+00
   17.100   5.026E+00
   17.200   5.012E+00
   17.300   4.995E+00
   17.400   4.978E+00
   17.500   4.960E+00
   17.600   4.943E+00
   17.700   4.927E+00
   17.800   4.912E+00
   17.900   4.899E+00
   18.000   4.887E+00
   18.100   4.876E+00
   18.200   4.866E+00
   18.300   4.856E+00
   18.400   4.846E+00
   18.500   4.836E+00
   18.600   4.824E+00
   18.700   4.811E+00
   18.800   4.797E+00
   18.900   4.781E+00
   19.000   4.763E+00
   19.100   4.744E+00
   19.200   4.723E+00
   19.300   4.702E+00
   19.400   4.679E+00
   19.500   4.656E+00
   19.600   4.631E+00
   19.700   4.606E+00
   19.800   4.579E+00
   19.900   4.552E+00
   20.000   4.523E+00
   20.100   4.492E+00
   20.200   4.458E+00
   20.300   4.422E+00
   20.400   4.383E+00
   20.500   4.341E+00
   20.600   4.295E+00
   20.700   4.246E+00
   20.800   4.193E+00
   20.900   4.136E+00
   21.000   4.076E+00
   21.100   4.013E+00
   21.200   3.947E+00
   21.300   3.878E+00
   21.400   3.808E+00
   21.500   3.735E+00
   21.600   3.662E+00
   21.700   3.587E+00
   21.800   3.512E+00
   21.900   3.437E+00
   22.000   3.362E+00
   22.100   3.288E+00
   22.200   3.214E+00
   22.300   3.141E+00
   22.400   3.069E+00
   22.500   2.999E+00
   22.600   2.929E+00
   22.700   2.861E+00
   22.800   2.794E+00
   22.900   2.729E+00
   23.000   2.665E+00
   23.100   2.602E+00
   23.200   2.541E+00
   23.300   2.480E+00
   23.400   2.421E+00
   23.500   2.363E+00
   23.600   2.306E+00
   23.700   2.251E+00
   23.800   2.196E+00
   23.900   2.143E+00
   24.000   2.090E+00
   24.100   2.039E+00
   24.200   1.989E+00
   24.300   1.941E+00
   24.400   1.893E+00
   24.500   1.847E+00
   24.600   1.802E+00
   24.700   1.758E+00
   24.800   1.715E+00
   24.900   1.674E+00
   25.000   1.634E+00
   25.100   1.595E+00
   25.200   1.557E+00
   25.300   1.520E+00
   25.400   1.485E+00
   25.500   1.450E+00
   25.600   1.417E+00
   25.700   1.384E+00
   25.800   1.353E+00
   25.900   1.323E+00
   26.000   1.293E+00
   26.100   1.264E+00
   26.200   1.236E+00
   26.300   1.209E+00
   26.400   1.183E+00
   26.500   1.158E+00
   26.600   1.133E+00
   26.700   1.109E+00
   26.800   1.086E+00
   26.900   1.063E+00
   27.000   1.041E+00
   27.100   1.019E+00
   27.200   9.983E-01
   27.300   9.780E-01
   27.400   9.582E-01
   27.500   9.390E-01
   27.600   9.204E-01
   27.700   9.023E-01
   27.800   8.846E-01
   27.900   8.675E-01
   28.000   8.509E-01
   28.100   8.348E-01
   28.200   8.191E-01
   28.300   8.038E-01
   28.400   7.890E-01
   28.500   7.746E-01
   28.600   7.606E-01
   28.700   7.471E-01
   28.800   7.338E-01
   28.900   7.210E-01
   29.000   7.085E-01
   29.100   6.964E-01
   29.200   6.846E-01
   29.300   6.731E-01
   29.400   6.620E-01
   29.500   6.511E-01
   29.600   6.405E-01
   29.700   6.302E-01
   29.800   6.202E-01
   29.900   6.104E-01
   30.000   6.007E-01