 0.76         5.58E-07   4.23E-07
 0.79         1.59E-06   4.26E-07
 0.83         1.64E-06   3.76E-07
 0.86         1.74E-06   3.28E-07
 0.89         1.79E-06   3.39E-07
 0.92         7.75E-06   6.76E-07
 0.95         6.04E-06   5.98E-07
 0.98         3.00E-06   4.07E-07
 1.00         1.14E-05
 1.04         2.27E-05
 1.10         2.88E-05
 1.12         3.56E-05
 1.16         2.30E-05
 1.20         1.02E-05
 1.21         4.62E-05
 1.26         6.32E-05
 1.29         8.12E-05
 1.32         9.59E-05
 1.35         1.50E-04
 1.38         6.59E-05
 1.41         3.15E-04
 1.43         9.39E-05
 1.47         1.94E-04
 1.51         9.09E-05
 1.54         1.43E-04
 1.56         5.74E-05
 1.60         1.38E-04
 1.63         2.23E-04
 1.64         1.41E-04
 1.69         1.90E-04
 1.72         2.01E-04
 1.74         1.80E-04
 1.78         3.93E-04
 1.80         2.75E-04
 1.83         3.35E-04
 1.86         3.47E-04
 1.89         2.43E-04
 1.92         1.88E-04
 1.95         3.67E-04
 1.98         4.56E-04
 2.01         4.36E-04
 2.04         4.36E-04
 2.07         4.06E-04
 2.10         3.76E-04
 2.14         3.91E-04
 2.16         5.09E-04
 2.19         6.07E-04
 2.22         4.36E-04
 2.27         4.21E-04
 2.28         5.30E-04
 2.32         5.03E-04
 2.34         5.64E-04
 2.36         6.81E-04
 2.39         5.82E-04
 2.43         6.46E-04
 2.48         8.13E-04
 2.50         7.72E-04
 2.56         7.95E-04
 2.59         1.11E-03
 2.62         7.72E-04
 2.65         9.49E-04
 2.68         7.87E-04
 2.70         1.17E-03
 2.74         1.24E-03
 2.78         9.11E-04
 2.80         1.50E-03
 2.83         1.34E-03
 2.87         9.20E-04
 2.90         1.21E-03
 2.92         1.31E-03
 2.95         1.14E-03
 2.98         1.64E-03
 3.02         1.20E-03
 3.04         9.19E-04
 3.08         1.40E-03
 3.12         1.27E-03
 3.16         1.14E-03
 3.19         1.08E-03
 3.22         1.40E-03
 3.26         1.32E-03
 3.30         1.39E-03
 3.34         1.25E-03
 3.40         1.43E-03
 3.44         1.31E-03
 3.48         1.52E-03
 3.52         8.71E-04   1.26E-04
 3.55         3.67E-04   1.10E-04
 3.57         1.14E-03   1.38E-04
 3.60         1.03E-03   1.02E-04
 3.64         8.44E-04   1.12E-04
 3.68         9.76E-04   1.42E-04
 3.70         8.71E-04   9.59E-05
 3.75         9.87E-04   1.32E-04
 3.77         7.36E-04   8.11E-05
 3.79         6.92E-04   8.42E-05
 3.80         1.36E-03   1.66E-04
 3.83         8.17E-04   1.29E-04
 3.86         8.70E-04   1.18E-04
 3.89         7.44E-04   3.18E-05
 3.91         6.04E-04   8.06E-05
 3.96         1.09E-03
 3.96         6.30E-04   6.20E-05
 4.01         1.02E-03   1.24E-04
 4.06         9.45E-04   7.16E-05
 4.06         1.08E-03   1.32E-04
 4.11         9.45E-04   1.04E-04
 4.14         1.22E-03   1.21E-04
 4.16         1.35E-03   1.17E-04
 4.20         1.04E-03   1.02E-04
 4.21         1.29E-03
 4.24         1.17E-03
 4.28         1.28E-03
 4.31         9.85E-04   1.20E-04
 4.33         6.97E-04   8.86E-05
 4.37         1.14E-03   1.25E-04
 4.37         1.90E-03   2.54E-04
 4.40         8.60E-04   9.33E-05