    0.100   1.024E-05
    0.200   4.096E-05
    0.300   9.219E-05
    0.400   1.640E-04
    0.500   2.564E-04
    0.600   3.695E-04
    0.700   5.034E-04
    0.800   6.583E-04
    0.900   8.341E-04
    1.000   1.031E-03
    1.100   1.250E-03
    1.200   1.490E-03
    1.300   1.752E-03
    1.400   2.036E-03
    1.500   2.342E-03
    1.600   2.671E-03
    1.700   3.022E-03
    1.800   3.397E-03
    1.900   3.795E-03
    2.000   4.218E-03
    2.100   4.664E-03
    2.200   5.136E-03
    2.300   5.632E-03
    2.400   6.154E-03
    2.500   6.702E-03
    2.600   7.277E-03
    2.700   7.879E-03
    2.800   8.509E-03
    2.900   9.168E-03
    3.000   9.855E-03
    3.100   1.057E-02
    3.200   1.132E-02
    3.300   1.210E-02
    3.400   1.291E-02
    3.500   1.376E-02
    3.600   1.463E-02
    3.700   1.555E-02
    3.800   1.650E-02
    3.900   1.748E-02
    4.000   1.850E-02
    4.100   1.957E-02
    4.200   2.067E-02
    4.300   2.182E-02
    4.400   2.300E-02
    4.500   2.424E-02
    4.600   2.551E-02
    4.700   2.684E-02
    4.800   2.821E-02
    4.900   2.964E-02
    5.000   3.112E-02
    5.100   3.265E-02
    5.200   3.424E-02
    5.300   3.589E-02
    5.400   3.760E-02
    5.500   3.938E-02
    5.600   4.122E-02
    5.700   4.313E-02
    5.800   4.511E-02
    5.900   4.717E-02
    6.000   4.931E-02
    6.100   5.152E-02
    6.200   5.383E-02
    6.300   5.622E-02
    6.400   5.871E-02
    6.500   6.129E-02
    6.600   6.398E-02
    6.700   6.678E-02
    6.800   6.969E-02
    6.900   7.272E-02
    7.000   7.588E-02
    7.100   7.917E-02
    7.200   8.260E-02
    7.300   8.618E-02
    7.400   8.991E-02
    7.500   9.381E-02
    7.600   9.789E-02
    7.700   1.022E-01
    7.800   1.066E-01
    7.900   1.113E-01
    8.000   1.162E-01
    8.100   1.213E-01
    8.200   1.267E-01
    8.300   1.324E-01
    8.400   1.383E-01
    8.500   1.446E-01
    8.600   1.512E-01
    8.700   1.582E-01
    8.800   1.656E-01
    8.900   1.733E-01
    9.000   1.816E-01
    9.100   1.903E-01
    9.200   1.995E-01
    9.300   2.093E-01
    9.400   2.197E-01
    9.500   2.307E-01
    9.600   2.423E-01
    9.700   2.547E-01
    9.800   2.678E-01
    9.900   2.816E-01
   10.000   2.962E-01
   10.100   3.116E-01
   10.200   3.277E-01
   10.300   3.446E-01
   10.400   3.622E-01
   10.500   3.804E-01
   10.600   3.992E-01
   10.700   4.187E-01
   10.800   4.386E-01
   10.900   4.592E-01
   11.000   4.803E-01
   11.100   5.020E-01
   11.200   5.244E-01
   11.300   5.475E-01
   11.400   5.715E-01
   11.500   5.966E-01
   11.600   6.228E-01
   11.700   6.504E-01
   11.800   6.795E-01
   11.900   7.103E-01
   12.000   7.432E-01
   12.100   7.783E-01
   12.200   8.159E-01
   12.300   8.565E-01
   12.400   9.003E-01
   12.500   9.478E-01
   12.600   9.992E-01
   12.700   1.055E+00
   12.800   1.115E+00
   12.900   1.180E+00
   13.000   1.249E+00
   13.100   1.324E+00
   13.200   1.404E+00
   13.300   1.489E+00
   13.400   1.579E+00
   13.500   1.675E+00
   13.600   1.776E+00
   13.700   1.882E+00
   13.800   1.994E+00
   13.900   2.113E+00
   14.000   2.238E+00
   14.100   2.370E+00
   14.200   2.510E+00
   14.300   2.655E+00
   14.400   2.807E+00
   14.500   2.964E+00
   14.600   3.123E+00
   14.700   3.284E+00
   14.800   3.443E+00
   14.900   3.599E+00
   15.000   3.749E+00
   15.100   3.892E+00
   15.200   4.025E+00
   15.300   4.147E+00
   15.400   4.254E+00
   15.500   4.345E+00
   15.600   4.415E+00
   15.700   4.462E+00
   15.800   4.483E+00
   15.900   4.476E+00
   16.000   4.442E+00
   16.100   4.383E+00
   16.200   4.301E+00
   16.300   4.201E+00
   16.400   4.088E+00
   16.500   3.967E+00
   16.600   3.843E+00
   16.700   3.720E+00
   16.800   3.600E+00
   16.900   3.487E+00
   17.000   3.382E+00
   17.100   3.286E+00
   17.200   3.201E+00
   17.300   3.126E+00
   17.400   3.062E+00
   17.500   3.009E+00
   17.600   2.965E+00
   17.700   2.932E+00
   17.800   2.908E+00
   17.900   2.893E+00
   18.000   2.885E+00
   18.100   2.885E+00
   18.200   2.891E+00
   18.300   2.903E+00
   18.400   2.920E+00
   18.500   2.941E+00
   18.600   2.965E+00
   18.700   2.992E+00
   18.800   3.020E+00
   18.900   3.050E+00
   19.000   3.079E+00
   19.100   3.108E+00
   19.200   3.134E+00
   19.300   3.158E+00
   19.400   3.178E+00
   19.500   3.194E+00
   19.600   3.205E+00
   19.700   3.210E+00
   19.800   3.210E+00
   19.900   3.205E+00
   20.000   3.194E+00
   20.100   3.178E+00
   20.200   3.157E+00
   20.300   3.132E+00
   20.400   3.102E+00
   20.500   3.068E+00
   20.600   3.030E+00
   20.700   2.989E+00
   20.800   2.945E+00
   20.900   2.898E+00
   21.000   2.848E+00
   21.100   2.796E+00
   21.200   2.742E+00
   21.300   2.686E+00
   21.400   2.629E+00
   21.500   2.570E+00
   21.600   2.510E+00
   21.700   2.450E+00
   21.800   2.389E+00
   21.900   2.328E+00
   22.000   2.267E+00
   22.100   2.207E+00
   22.200   2.147E+00
   22.300   2.088E+00
   22.400   2.031E+00
   22.500   1.976E+00
   22.600   1.922E+00
   22.700   1.871E+00
   22.800   1.821E+00
   22.900   1.774E+00
   23.000   1.728E+00
   23.100   1.685E+00
   23.200   1.643E+00
   23.300   1.604E+00
   23.400   1.566E+00
   23.500   1.530E+00
   23.600   1.495E+00
   23.700   1.462E+00
   23.800   1.431E+00
   23.900   1.401E+00
   24.000   1.372E+00
   24.100   1.344E+00
   24.200   1.318E+00
   24.300   1.293E+00
   24.400   1.268E+00
   24.500   1.245E+00
   24.600   1.222E+00
   24.700   1.200E+00
   24.800   1.179E+00
   24.900   1.157E+00
   25.000   1.136E+00
   25.100   1.115E+00
   25.200   1.095E+00
   25.300   1.074E+00
   25.400   1.054E+00
   25.500   1.034E+00
   25.600   1.014E+00
   25.700   9.949E-01
   25.800   9.758E-01
   25.900   9.569E-01
   26.000   9.385E-01
   26.100   9.205E-01
   26.200   9.029E-01
   26.300   8.857E-01
   26.400   8.690E-01
   26.500   8.528E-01
   26.600   8.371E-01
   26.700   8.220E-01
   26.800   8.073E-01
   26.900   7.931E-01
   27.000   7.794E-01
   27.100   7.662E-01
   27.200   7.535E-01
   27.300   7.413E-01
   27.400   7.295E-01
   27.500   7.182E-01
   27.600   7.073E-01
   27.700   6.968E-01
   27.800   6.867E-01
   27.900   6.769E-01
   28.000   6.675E-01
   28.100   6.583E-01
   28.200   6.494E-01
   28.300   6.407E-01
   28.400   6.321E-01
   28.500   6.237E-01
   28.600   6.154E-01
   28.700   6.072E-01
   28.800   5.990E-01
   28.900   5.908E-01
   29.000   5.827E-01
   29.100   5.746E-01
   29.200   5.667E-01
   29.300   5.588E-01
   29.400   5.510E-01
   29.500   5.433E-01
   29.600   5.358E-01
   29.700   5.283E-01
   29.800   5.210E-01
   29.900   5.137E-01
   30.000   5.064E-01