#     E      f(E1)     Model:  2
    0.001  0.00000E+00
    0.002  2.36534E-12
    0.005  5.91335E-12
    0.010  1.18267E-11
    0.020  2.36535E-11
    0.050  5.91342E-11
    0.100  1.18273E-10
    0.200  2.36580E-10
    0.300  3.54955E-10
    0.400  4.73433E-10
    0.500  5.92048E-10
    0.600  7.10834E-10
    0.700  8.29826E-10
    0.800  9.49059E-10
    0.900  1.06857E-09
    1.000  1.18839E-09
    1.100  1.30855E-09
    1.200  1.42909E-09
    1.300  1.55006E-09
    1.400  1.67147E-09
    1.500  1.79338E-09
    1.600  1.91581E-09
    1.700  2.03880E-09
    1.800  2.16239E-09
    1.900  2.28662E-09
    2.000  2.41153E-09
    2.200  2.66353E-09
    2.400  2.91871E-09
    2.600  3.17739E-09
    2.800  3.43991E-09
    3.000  3.70662E-09
    3.200  3.97787E-09
    3.400  4.25403E-09
    3.600  4.53550E-09
    3.800  4.82267E-09
    4.000  5.11597E-09
    4.500  5.87893E-09
    5.000  6.69041E-09
    5.500  7.55882E-09
    6.000  8.49375E-09
    6.500  9.50625E-09
    7.000  1.06091E-08
    7.500  1.18171E-08
    8.000  1.31478E-08
    8.500  1.46217E-08
    9.000  1.62632E-08
    9.500  1.81012E-08
   10.000  2.01704E-08
   10.500  2.25122E-08
   11.000  2.51767E-08
   11.500  2.82236E-08
   12.000  3.17249E-08
   12.500  3.57667E-08
   13.000  4.04508E-08
   13.500  4.58957E-08
   14.000  5.22358E-08
   14.500  5.96154E-08
   15.000  6.81751E-08
   15.500  7.80236E-08
   16.000  8.91881E-08
   16.500  1.01533E-07
   17.000  1.14653E-07
   17.500  1.27755E-07
   18.000  1.39614E-07
   18.500  1.48692E-07
   19.000  1.53513E-07
   19.500  1.53181E-07
   20.000  1.47770E-07
   20.500  1.38285E-07
   21.000  1.26243E-07
   21.500  1.13154E-07
   22.000  1.00185E-07
   22.500  8.80696E-08
   23.000  7.71683E-08
   23.500  6.75880E-08
   24.000  5.92862E-08
   24.500  5.21475E-08
   25.000  4.60296E-08
   25.500  4.07892E-08
   26.000  3.62944E-08
   26.500  3.24290E-08
   27.000  2.90937E-08
   27.500  2.62050E-08
   28.000  2.36928E-08
   28.500  2.14992E-08
   29.000  1.95757E-08
   29.500  1.78824E-08
   30.000  1.63857E-08w
