                    ************************************************************************************************
                    *  Z= 39 A= 87: Positive-Parity Spin-dependent Level Density [MeV-1] for Y  87 and ldmodel= 1  *
                    ************************************************************************************************
 U[MeV]  T[MeV]  NCUMUL   RHOOBS   RHOTOT    J=01/2   J=03/2   J=05/2   J=07/2   J=09/2   J=11/2   J=13/2   J=15/2   J=17/2   J=19/2   J=21/2   J=23/2   J=25/2   J=27/2   J=29/2   J=31/2   J=33/2   J=35/2   J=37/2   J=39/2   J=41/2   J=43/2   J=45/2   J=47/2   J=49/2   J=51/2   J=53/2   J=55/2   J=57/2   J=59/2
   0.25  0.144  1.95E+00 3.91E+00 2.27E+01 4.97E-01 8.11E-01 8.65E-01 7.16E-01 4.85E-01 2.75E-01 1.32E-01 5.45E-02 1.93E-02 5.86E-03 1.54E-03 3.51E-04 6.94E-05 1.19E-05 1.77E-06 2.28E-07 2.56E-08 2.50E-09 2.12E-10 1.57E-11 1.01E-12 5.65E-14 2.75E-15 1.17E-16 4.33E-18 1.40E-19 3.92E-21 9.60E-23 2.05E-24 3.81E-26
   0.50  0.204  5.48E+00 7.06E+00 4.10E+01 8.98E-01 1.46E+00 1.56E+00 1.29E+00 8.76E-01 4.97E-01 2.39E-01 9.84E-02 3.48E-02 1.06E-02 2.79E-03 6.35E-04 1.25E-04 2.14E-05 3.19E-06 4.12E-07 4.62E-08 4.51E-09 3.83E-10 2.83E-11 1.82E-12 1.02E-13 4.97E-15 2.11E-16 7.82E-18 2.52E-19 7.08E-21 1.73E-22 3.70E-24 6.88E-26
   0.75  0.249  1.09E+01 1.09E+01 6.34E+01 1.39E+00 2.27E+00 2.42E+00 2.00E+00 1.36E+00 7.69E-01 3.70E-01 1.52E-01 5.38E-02 1.64E-02 4.31E-03 9.82E-04 1.94E-04 3.32E-05 4.93E-06 6.37E-07 7.15E-08 6.98E-09 5.93E-10 4.38E-11 2.82E-12 1.58E-13 7.70E-15 3.27E-16 1.21E-17 3.90E-19 1.10E-20 2.68E-22 5.73E-24 1.06E-25
   1.00  0.288  1.91E+01 1.63E+01 9.47E+01 2.08E+00 3.39E+00 3.61E+00 2.99E+00 2.03E+00 1.15E+00 5.53E-01 2.27E-01 8.04E-02 2.45E-02 6.44E-03 1.47E-03 2.90E-04 4.96E-05 7.37E-06 9.52E-07 1.07E-07 1.04E-08 8.86E-10 6.54E-11 4.21E-12 2.36E-13 1.15E-14 4.89E-16 1.81E-17 5.83E-19 1.64E-20 4.01E-22 8.56E-24 1.59E-25
   1.25  0.322  3.11E+01 2.39E+01 1.39E+02 3.05E+00 4.97E+00 5.30E+00 4.39E+00 2.97E+00 1.69E+00 8.11E-01 3.34E-01 1.18E-01 3.59E-02 9.46E-03 2.15E-03 4.25E-04 7.28E-05 1.08E-05 1.40E-06 1.57E-07 1.53E-08 1.30E-09 9.60E-11 6.18E-12 3.46E-13 1.69E-14 7.17E-16 2.65E-17 8.55E-19 2.40E-20 5.88E-22 1.26E-23 2.33E-25
   1.50  0.353  4.84E+01 3.47E+01 2.02E+02 4.42E+00 7.21E+00 7.69E+00 6.36E+00 4.31E+00 2.44E+00 1.18E+00 4.84E-01 1.71E-01 5.21E-02 1.37E-02 3.12E-03 6.16E-04 1.06E-04 1.57E-05 2.03E-06 2.27E-07 2.22E-08 1.88E-09 1.39E-10 8.96E-12 5.02E-13 2.45E-14 1.04E-15 3.85E-17 1.24E-18 3.48E-20 8.53E-22 1.82E-23 3.39E-25
   1.75  0.381  7.34E+01 4.99E+01 2.96E+02 6.16E+00 1.01E+01 1.09E+01 9.17E+00 6.34E+00 3.69E+00 1.83E+00 7.77E-01 2.85E-01 9.07E-02 2.50E-02 6.00E-03 1.25E-03 2.28E-04 3.61E-05 5.00E-06 6.04E-07 6.38E-08 5.89E-09 4.75E-10 3.35E-11 2.06E-12 1.11E-13 5.26E-15 2.17E-16 7.85E-18 2.48E-19 6.88E-21 1.67E-22 3.54E-24
   2.00  0.407  1.09E+02 7.14E+01 4.36E+02 8.35E+00 1.38E+01 1.52E+01 1.31E+01 9.37E+00 5.67E+00 2.95E+00 1.32E+00 5.17E-01 1.76E-01 5.24E-02 1.37E-02 3.12E-03 6.27E-04 1.11E-04 1.71E-05 2.33E-06 2.80E-07 2.95E-08 2.74E-09 2.25E-10 1.62E-11 1.03E-12 5.77E-14 2.85E-15 1.24E-16 4.75E-18 1.61E-19 4.80E-21 1.26E-22
   2.25  0.432  1.60E+02 1.01E+02 6.40E+02 1.13E+01 1.89E+01 2.11E+01 1.86E+01 1.37E+01 8.59E+00 4.66E+00 2.20E+00 9.07E-01 3.29E-01 1.05E-01 2.94E-02 7.30E-03 1.60E-03 3.10E-04 5.31E-05 8.06E-06 1.08E-06 1.29E-07 1.36E-08 1.27E-09 1.06E-10 7.77E-12 5.07E-13 2.93E-14 1.51E-15 6.87E-17 2.78E-18 9.99E-20 3.19E-21
   2.50  0.455  2.32E+02 1.44E+02 9.33E+02 1.52E+01 2.57E+01 2.92E+01 2.63E+01 1.98E+01 1.28E+01 7.23E+00 3.57E+00 1.55E+00 5.93E-01 2.01E-01 6.04E-02 1.61E-02 3.82E-03 8.06E-04 1.51E-04 2.53E-05 3.77E-06 5.00E-07 5.91E-08 6.24E-09 5.87E-10 4.93E-11 3.69E-12 2.47E-13 1.47E-14 7.84E-16 3.73E-17 1.58E-18 6.00E-20
   2.75  0.478  3.33E+02 2.03E+02 1.35E+03 2.05E+01 3.50E+01 4.01E+01 3.68E+01 2.85E+01 1.90E+01 1.11E+01 5.68E+00 2.58E+00 1.04E+00 3.72E-01 1.19E-01 3.39E-02 8.64E-03 1.97E-03 4.01E-04 7.32E-05 1.20E-05 1.75E-06 2.30E-07 2.70E-08 2.85E-09 2.70E-10 2.29E-11 1.74E-12 1.19E-13 7.30E-15 4.02E-16 1.98E-17 8.79E-19
   3.00  0.499  4.76E+02 2.85E+02 1.96E+03 2.76E+01 4.74E+01 5.51E+01 5.14E+01 4.06E+01 2.78E+01 1.67E+01 8.90E+00 4.21E+00 1.78E+00 6.70E-01 2.26E-01 6.85E-02 1.86E-02 4.55E-03 1.00E-03 1.98E-04 3.51E-05 5.63E-06 8.11E-07 1.05E-07 1.23E-08 1.30E-09 1.24E-10 1.06E-11 8.18E-13 5.70E-14 3.58E-15 2.03E-16 1.04E-17
   3.25  0.519  6.76E+02 4.00E+02 2.81E+03 3.72E+01 6.42E+01 7.55E+01 7.15E+01 5.76E+01 4.04E+01 2.50E+01 1.38E+01 6.76E+00 2.97E+00 1.17E+00 4.17E-01 1.34E-01 3.86E-02 1.00E-02 2.36E-03 5.02E-04 9.64E-05 1.67E-05 2.63E-06 3.74E-07 4.81E-08 5.61E-09 5.91E-10 5.64E-11 4.88E-12 3.82E-13 2.71E-14 1.74E-15 1.01E-16
   3.50  0.539  9.56E+02 5.60E+02 4.04E+03 5.00E+01 8.69E+01 1.03E+02 9.91E+01 8.14E+01 5.84E+01 3.71E+01 2.10E+01 1.07E+01 4.88E+00 2.01E+00 7.49E-01 2.52E-01 7.69E-02 2.12E-02 5.32E-03 1.21E-03 2.49E-04 4.66E-05 7.93E-06 1.22E-06 1.72E-07 2.19E-08 2.54E-09 2.68E-10 2.57E-11 2.24E-12 1.78E-13 1.28E-14 8.40E-16
   3.75  0.558  1.35E+03 7.82E+02 5.77E+03 6.72E+01 1.17E+02 1.41E+02 1.37E+02 1.14E+02 8.38E+01 5.45E+01 3.18E+01 1.67E+01 7.89E+00 3.38E+00 1.31E+00 4.64E-01 1.49E-01 4.33E-02 1.15E-02 2.78E-03 6.11E-04 1.23E-04 2.24E-05 3.73E-06 5.68E-07 7.88E-08 9.97E-09 1.15E-09 1.21E-10 1.17E-11 1.03E-12 8.22E-14 6.02E-15
   4.00  0.576  1.89E+03 1.09E+03 8.23E+03 9.02E+01 1.59E+02 1.92E+02 1.89E+02 1.60E+02 1.20E+02 7.95E+01 4.76E+01 2.57E+01 1.26E+01 5.59E+00 2.26E+00 8.31E-01 2.79E-01 8.55E-02 2.39E-02 6.12E-03 1.43E-03 3.06E-04 5.98E-05 1.07E-05 1.75E-06 2.62E-07 3.60E-08 4.52E-09 5.20E-10 5.48E-11 5.29E-12 4.68E-13 3.79E-14
   4.25  0.594  2.65E+03 1.52E+03 1.17E+04 1.21E+02 2.14E+02 2.61E+02 2.60E+02 2.23E+02 1.70E+02 1.15E+02 7.07E+01 3.92E+01 1.98E+01 9.08E+00 3.81E+00 1.46E+00 5.12E-01 1.64E-01 4.83E-02 1.30E-02 3.21E-03 7.28E-04 1.52E-04 2.89E-05 5.07E-06 8.17E-07 1.21E-07 1.64E-08 2.05E-09 2.35E-10 2.47E-11 2.40E-12 2.13E-13
   4.50  0.611  3.71E+03 2.11E+03 1.66E+04 1.63E+02 2.89E+02 3.54E+02 3.57E+02 3.11E+02 2.40E+02 1.66E+02 1.04E+02 5.93E+01 3.07E+01 1.46E+01 6.32E+00 2.51E+00 9.17E-01 3.07E-01 9.45E-02 2.67E-02 6.96E-03 1.67E-03 3.67E-04 7.45E-05 1.39E-05 2.39E-06 3.80E-07 5.54E-08 7.46E-09 9.25E-10 1.06E-10 1.11E-11 1.08E-12
   4.75  0.628  5.18E+03 2.93E+03 2.35E+04 2.19E+02 3.89E+02 4.81E+02 4.89E+02 4.32E+02 3.38E+02 2.39E+02 1.53E+02 8.88E+01 4.73E+01 2.31E+01 1.03E+01 4.25E+00 1.61E+00 5.61E-01 1.80E-01 5.34E-02 1.46E-02 3.67E-03 8.54E-04 1.83E-04 3.63E-05 6.65E-06 1.13E-06 1.76E-07 2.54E-08 3.39E-09 4.17E-10 4.76E-11 5.01E-12
   5.00  0.644  7.21E+03 4.07E+03 3.32E+04 2.93E+02 5.25E+02 6.53E+02 6.69E+02 5.98E+02 4.75E+02 3.41E+02 2.22E+02 1.32E+02 7.21E+01 3.62E+01 1.67E+01 7.09E+00 2.78E+00 1.00E+00 3.36E-01 1.04E-01 2.96E-02 7.83E-03 1.92E-03 4.33E-04 9.08E-05 1.76E-05 3.16E-06 5.26E-07 8.12E-08 1.16E-08 1.53E-09 1.88E-10 2.14E-11
   5.50  0.675  1.50E+04 7.80E+03 6.60E+04 5.29E+02 9.52E+02 1.20E+03 1.25E+03 1.14E+03 9.29E+02 6.86E+02 4.63E+02 2.87E+02 1.64E+02 8.62E+01 4.19E+01 1.89E+01 7.88E+00 3.05E+00 1.10E+00 3.66E-01 1.13E-01 3.27E-02 8.75E-03 2.18E-03 5.04E-04 1.09E-04 2.18E-05 4.06E-06 7.05E-07 1.14E-07 1.72E-08 2.40E-09 3.13E-10
   6.00  0.705  2.99E+04 1.49E+04 1.30E+05 9.53E+02 1.73E+03 2.19E+03 2.32E+03 2.15E+03 1.80E+03 1.37E+03 9.50E+02 6.10E+02 3.62E+02 1.99E+02 1.01E+02 4.81E+01 2.12E+01 8.72E+00 3.34E+00 1.19E+00 3.97E-01 1.23E-01 3.58E-02 9.70E-03 2.46E-03 5.80E-04 1.28E-04 2.64E-05 5.10E-06 9.19E-07 1.55E-07 2.44E-08 3.59E-09
   6.50  0.734  5.83E+04 2.84E+04 2.56E+05 1.72E+03 3.12E+03 4.01E+03 4.30E+03 4.06E+03 3.45E+03 2.68E+03 1.92E+03 1.27E+03 7.81E+02 4.46E+02 2.37E+02 1.18E+02 5.46E+01 2.37E+01 9.59E+00 3.64E+00 1.29E+00 4.30E-01 1.34E-01 3.91E-02 1.07E-02 2.75E-03 6.61E-04 1.49E-04 3.16E-05 6.27E-06 1.17E-06 2.04E-07 3.35E-08
   7.00  0.762  1.12E+05 5.38E+04 5.01E+05 3.09E+03 5.65E+03 7.32E+03 7.93E+03 7.60E+03 6.58E+03 5.23E+03 3.84E+03 2.61E+03 1.65E+03 9.77E+02 5.40E+02 2.79E+02 1.35E+02 6.15E+01 2.62E+01 1.05E+01 3.95E+00 1.40E+00 4.64E-01 1.45E-01 4.25E-02 1.17E-02 3.05E-03 7.47E-04 1.72E-04 3.72E-05 7.59E-06 1.46E-06 2.63E-07
   7.50  0.789  2.14E+05 1.02E+05 9.75E+05 5.56E+03 1.02E+04 1.33E+04 1.46E+04 1.42E+04 1.25E+04 1.01E+04 7.58E+03 5.29E+03 3.44E+03 2.10E+03 1.20E+03 6.44E+02 3.25E+02 1.54E+02 6.88E+01 2.89E+01 1.14E+01 4.27E+00 1.50E+00 4.99E-01 1.56E-01 4.61E-02 1.28E-02 3.37E-03 8.37E-04 1.96E-04 4.33E-05 9.05E-06 1.78E-06
   8.00  0.814  4.05E+05 1.91E+05 1.87E+06 1.00E+04 1.85E+04 2.43E+04 2.68E+04 2.63E+04 2.34E+04 1.92E+04 1.47E+04 1.04E+04 6.93E+03 4.32E+03 2.53E+03 1.40E+03 7.26E+02 3.56E+02 1.64E+02 7.16E+01 2.95E+01 1.15E+01 4.20E+00 1.46E+00 4.79E-01 1.48E-01 4.35E-02 1.21E-02 3.17E-03 7.87E-04 1.85E-04 4.11E-05 8.64E-06
   8.50  0.840  7.56E+05 3.52E+05 3.51E+06 1.79E+04 3.30E+04 4.35E+04 4.83E+04 4.78E+04 4.30E+04 3.58E+04 2.77E+04 2.00E+04 1.35E+04 8.61E+03 5.16E+03 2.91E+03 1.55E+03 7.80E+02 3.71E+02 1.67E+02 7.10E+01 2.86E+01 1.09E+01 3.92E+00 1.34E+00 4.34E-01 1.33E-01 3.86E-02 1.06E-02 2.77E-03 6.86E-04 1.61E-04 3.57E-05
   9.00  0.864  1.39E+06 6.36E+05 6.46E+06 3.13E+04 5.80E+04 7.67E+04 8.57E+04 8.53E+04 7.76E+04 6.52E+04 5.11E+04 3.74E+04 2.58E+04 1.67E+04 1.02E+04 5.88E+03 3.20E+03 1.65E+03 8.06E+02 3.73E+02 1.63E+02 6.78E+01 2.67E+01 9.97E+00 3.53E+00 1.19E+00 3.79E-01 1.15E-01 3.30E-02 8.99E-03 2.33E-03 5.73E-04 1.34E-04
   9.50  0.888  2.52E+06 1.13E+06 1.17E+07 5.40E+04 1.00E+05 1.33E+05 1.50E+05 1.50E+05 1.38E+05 1.17E+05 9.25E+04 6.87E+04 4.80E+04 3.16E+04 1.96E+04 1.15E+04 6.42E+03 3.39E+03 1.69E+03 8.03E+02 3.61E+02 1.54E+02 6.26E+01 2.41E+01 8.84E+00 3.07E+00 1.02E+00 3.20E-01 9.56E-02 2.72E-02 7.34E-03 1.89E-03 4.61E-04
  10.00  0.911  4.51E+06 1.98E+06 2.08E+07 9.20E+04 1.71E+05 2.28E+05 2.58E+05 2.60E+05 2.40E+05 2.06E+05 1.65E+05 1.24E+05 8.76E+04 5.85E+04 3.70E+04 2.21E+04 1.26E+04 6.75E+03 3.45E+03 1.67E+03 7.72E+02 3.39E+02 1.41E+02 5.60E+01 2.11E+01 7.59E+00 2.59E+00 8.44E-01 2.61E-01 7.71E-02 2.17E-02 5.79E-03 1.48E-03
  11.00  0.955  1.62E+07 5.85E+06 6.33E+07 2.58E+05 4.82E+05 6.45E+05 7.35E+05 7.50E+05 7.03E+05 6.12E+05 4.99E+05 3.83E+05 2.77E+05 1.90E+05 1.24E+05 7.63E+04 4.47E+04 2.50E+04 1.32E+04 6.70E+03 3.22E+03 1.48E+03 6.47E+02 2.70E+02 1.07E+02 4.08E+01 1.48E+01 5.11E+00 1.69E+00 5.31E-01 1.60E-01 4.58E-02 1.26E-02
  12.00  0.997  4.91E+07 1.65E+07 1.83E+08 6.92E+05 1.30E+06 1.75E+06 2.00E+06 2.07E+06 1.96E+06 1.73E+06 1.43E+06 1.12E+06 8.27E+05 5.80E+05 3.86E+05 2.45E+05 1.48E+05 8.49E+04 4.66E+04 2.44E+04 1.22E+04 5.81E+03 2.65E+03 1.16E+03 4.81E+02 1.92E+02 7.29E+01 2.65E+01 9.25E+00 3.08E+00 9.82E-01 2.99E-01 8.73E-02
  13.00  1.038  1.38E+08 4.44E+07 5.05E+08 1.79E+06 3.36E+06 4.55E+06 5.25E+06 5.46E+06 5.23E+06 4.67E+06 3.92E+06 3.11E+06 2.34E+06 1.67E+06 1.14E+06 7.38E+05 4.57E+05 2.70E+05 1.52E+05 8.21E+04 4.24E+04 2.09E+04 9.89E+03 4.48E+03 1.94E+03 8.05E+02 3.20E+02 1.22E+02 4.45E+01 1.56E+01 5.21E+00 1.68E+00 5.16E-01
  14.00  1.077  3.69E+08 1.16E+08 1.34E+09 4.47E+06 8.42E+06 1.14E+07 1.33E+07 1.39E+07 1.34E+07 1.21E+07 1.03E+07 8.30E+06 6.34E+06 4.61E+06 3.19E+06 2.11E+06 1.34E+06 8.08E+05 4.68E+05 2.59E+05 1.38E+05 7.00E+04 3.42E+04 1.60E+04 7.17E+03 3.08E+03 1.27E+03 5.05E+02 1.92E+02 7.01E+01 2.46E+01 8.27E+00 2.67E+00
  15.00  1.115  9.50E+08 2.91E+08 3.45E+09 1.08E+07 2.05E+07 2.79E+07 3.26E+07 3.43E+07 3.34E+07 3.05E+07 2.62E+07 2.13E+07 1.65E+07 1.22E+07 8.59E+06 5.79E+06 3.73E+06 2.30E+06 1.36E+06 7.73E+05 4.21E+05 2.20E+05 1.10E+05 5.32E+04 2.46E+04 1.09E+04 4.67E+03 1.92E+03 7.57E+02 2.87E+02 1.05E+02 3.67E+01 1.24E+01
  16.00  1.152  2.37E+09 7.10E+08 8.57E+09 2.56E+07 4.84E+07 6.63E+07 7.77E+07 8.23E+07 8.07E+07 7.42E+07 6.44E+07 5.30E+07 4.15E+07 3.11E+07 2.22E+07 1.52E+07 9.98E+06 6.28E+06 3.79E+06 2.20E+06 1.22E+06 6.55E+05 3.37E+05 1.67E+05 7.93E+04 3.63E+04 1.60E+04 6.77E+03 2.76E+03 1.08E+03 4.09E+02 1.49E+02 5.21E+01
  17.00  1.187  5.74E+09 1.69E+09 2.07E+10 5.89E+07 1.12E+08 1.53E+08 1.80E+08 1.92E+08 1.90E+08 1.76E+08 1.54E+08 1.28E+08 1.01E+08 7.67E+07 5.56E+07 3.86E+07 2.58E+07 1.65E+07 1.01E+07 5.99E+06 3.40E+06 1.86E+06 9.79E+05 4.96E+05 2.42E+05 1.14E+05 5.14E+04 2.24E+04 9.42E+03 3.81E+03 1.49E+03 5.59E+02 2.03E+02
  18.00  1.222  1.36E+10 3.91E+09 4.89E+10 1.33E+08 2.52E+08 3.46E+08 4.09E+08 4.38E+08 4.35E+08 4.06E+08 3.58E+08 3.00E+08 2.40E+08 1.84E+08 1.35E+08 9.51E+07 6.43E+07 4.18E+07 2.61E+07 1.57E+07 9.09E+06 5.07E+06 2.72E+06 1.41E+06 7.03E+05 3.38E+05 1.57E+05 7.02E+04 3.03E+04 1.26E+04 5.07E+03 1.96E+03 7.35E+02
  19.00  1.255  3.13E+10 8.86E+09 1.13E+11 2.92E+08 5.56E+08 7.67E+08 9.09E+08 9.77E+08 9.75E+08 9.15E+08 8.13E+08 6.88E+08 5.56E+08 4.30E+08 3.19E+08 2.27E+08 1.56E+08 1.03E+08 6.51E+07 3.98E+07 2.34E+07 1.33E+07 7.28E+06 3.85E+06 1.96E+06 9.63E+05 4.57E+05 2.10E+05 9.27E+04 3.96E+04 1.63E+04 6.51E+03 2.50E+03
  20.00  1.288  7.07E+10 1.97E+10 2.53E+11 6.32E+08 1.20E+09 1.66E+09 1.98E+09 2.14E+09 2.14E+09 2.02E+09 1.81E+09 1.54E+09 1.26E+09 9.81E+08 7.35E+08 5.30E+08 3.67E+08 2.45E+08 1.58E+08 9.78E+07 5.85E+07 3.38E+07 1.88E+07 1.01E+07 5.25E+06 2.64E+06 1.28E+06 5.98E+05 2.71E+05 1.18E+05 5.00E+04 2.04E+04 8.08E+03
  22.50  1.366  7.37E+11 1.33E+11 1.77E+12 4.03E+09 7.69E+09 1.07E+10 1.28E+10 1.39E+10 1.41E+10 1.35E+10 1.23E+10 1.06E+10 8.82E+09 7.03E+09 5.39E+09 3.98E+09 2.83E+09 1.94E+09 1.29E+09 8.25E+08 5.11E+08 3.05E+08 1.77E+08 9.89E+07 5.36E+07 2.81E+07 1.42E+07 7.00E+06 3.33E+06 1.53E+06 6.83E+05 2.95E+05 1.24E+05
  25.00  1.440  4.82E+12 8.16E+11 1.12E+13 2.34E+10 4.48E+10 6.24E+10 7.52E+10 8.25E+10 8.44E+10 8.15E+10 7.49E+10 6.58E+10 5.55E+10 4.50E+10 3.51E+10 2.65E+10 1.93E+10 1.35E+10 9.21E+09 6.06E+09 3.86E+09 2.38E+09 1.42E+09 8.22E+08 4.61E+08 2.51E+08 1.32E+08 6.76E+07 3.35E+07 1.61E+07 7.51E+06 3.40E+06 1.49E+06
  30.00  1.577  2.44E+14 2.39E+13 3.45E+14 6.25E+11 1.20E+12 1.69E+12 2.05E+12 2.28E+12 2.36E+12 2.32E+12 2.17E+12 1.95E+12 1.69E+12 1.41E+12 1.13E+12 8.81E+11 6.64E+11 4.85E+11 3.43E+11 2.36E+11 1.57E+11 1.02E+11 6.38E+10 3.90E+10 2.31E+10 1.33E+10 7.47E+09 4.07E+09 2.16E+09 1.11E+09 5.57E+08 2.71E+08 1.29E+08
  40.00  1.821  1.99E+17 9.92E+15 1.55E+17 2.24E+14 4.33E+14 6.13E+14 7.55E+14 8.51E+14 9.01E+14 9.06E+14 8.73E+14 8.08E+14 7.23E+14 6.26E+14 5.25E+14 4.28E+14 3.38E+14 2.60E+14 1.95E+14 1.42E+14 1.01E+14 6.98E+13 4.70E+13 3.09E+13 1.98E+13 1.24E+13 7.57E+12 4.50E+12 2.62E+12 1.48E+12 8.21E+11 4.44E+11 2.34E+11
  50.00  2.036  4.15E+19 2.07E+18 3.42E+19 4.17E+16 8.09E+16 1.15E+17 1.43E+17 1.63E+17 1.75E+17 1.79E+17 1.75E+17 1.66E+17 1.52E+17 1.35E+17 1.16E+17 9.77E+16 7.99E+16 6.37E+16 4.95E+16 3.76E+16 2.79E+16 2.02E+16 1.43E+16 9.86E+15 6.66E+15 4.40E+15 2.84E+15 1.80E+15 1.11E+15 6.73E+14 3.98E+14 2.31E+14 1.31E+14
  60.00  2.230  5.31E+21 2.63E+20 4.58E+21 4.85E+18 9.44E+18 1.35E+19 1.69E+19 1.94E+19 2.10E+19 2.17E+19 2.16E+19 2.08E+19 1.93E+19 1.75E+19 1.54E+19 1.32E+19 1.11E+19 9.07E+18 7.25E+18 5.67E+18 4.33E+18 3.24E+18 2.38E+18 1.70E+18 1.20E+18 8.23E+17 5.55E+17 3.67E+17 2.37E+17 1.51E+17 9.36E+16 5.71E+16 3.41E+16
  70.00  2.409  4.68E+23 2.31E+22 4.18E+23 3.94E+20 7.69E+20 1.10E+21 1.39E+21 1.60E+21 1.75E+21 1.83E+21 1.84E+21 1.78E+21 1.68E+21 1.55E+21 1.38E+21 1.21E+21 1.03E+21 8.62E+20 7.04E+20 5.63E+20 4.41E+20 3.39E+20 2.55E+20 1.88E+20 1.36E+20 9.67E+19 6.73E+19 4.60E+19 3.09E+19 2.03E+19 1.31E+19 8.33E+18 5.18E+18
  80.00  2.575  3.06E+25 1.51E+24 2.83E+25 2.41E+22 4.70E+22 6.77E+22 8.53E+22 9.92E+22 1.09E+23 1.15E+23 1.16E+23 1.14E+23 1.09E+23 1.01E+23 9.15E+22 8.10E+22 7.02E+22 5.96E+22 4.95E+22 4.04E+22 3.23E+22 2.53E+22 1.95E+22 1.47E+22 1.09E+22 7.93E+21 5.67E+21 3.98E+21 2.75E+21 1.86E+21 1.24E+21 8.13E+20 5.23E+20
  90.00  2.732  1.57E+27 7.71E+25 1.49E+27 1.16E+24 2.27E+24 3.28E+24 4.14E+24 4.84E+24 5.34E+24 5.64E+24 5.76E+24 5.69E+24 5.48E+24 5.14E+24 4.71E+24 4.22E+24 3.70E+24 3.19E+24 2.69E+24 2.22E+24 1.81E+24 1.44E+24 1.13E+24 8.68E+23 6.56E+23 4.88E+23 3.57E+23 2.56E+23 1.81E+23 1.26E+23 8.60E+22 5.78E+22 3.82E+22
 100.00  2.879  6.58E+28 3.21E+27 6.37E+28 4.58E+25 8.97E+25 1.30E+26 1.65E+26 1.93E+26 2.14E+26 2.27E+26 2.33E+26 2.32E+26 2.25E+26 2.13E+26 1.97E+26 1.78E+26 1.58E+26 1.37E+26 1.17E+26 9.83E+25 8.09E+25 6.55E+25 5.21E+25 4.07E+25 3.13E+25 2.37E+25 1.76E+25 1.29E+25 9.31E+24 6.61E+24 4.61E+24 3.17E+24 2.15E+24
 110.00  3.020  2.31E+30 1.12E+29 2.28E+30 1.53E+27 2.99E+27 4.33E+27 5.51E+27 6.47E+27 7.20E+27 7.69E+27 7.93E+27 7.94E+27 7.74E+27 7.38E+27 6.87E+27 6.27E+27 5.62E+27 4.93E+27 4.25E+27 3.61E+27 3.00E+27 2.46E+27 1.98E+27 1.57E+27 1.23E+27 9.42E+26 7.13E+26 5.31E+26 3.89E+26 2.81E+26 2.00E+26 1.40E+26 9.68E+25
 120.00  3.154  6.95E+31 3.36E+30 6.97E+31 4.38E+28 8.59E+28 1.25E+29 1.59E+29 1.87E+29 2.09E+29 2.24E+29 2.32E+29 2.33E+29 2.29E+29 2.19E+29 2.06E+29 1.89E+29 1.71E+29 1.51E+29 1.32E+29 1.13E+29 9.48E+28 7.85E+28 6.40E+28 5.13E+28 4.06E+28 3.16E+28 2.42E+28 1.83E+28 1.36E+28 9.98E+27 7.22E+27 5.15E+27 3.61E+27
 130.00  3.283  1.83E+33 8.81E+31 1.86E+33 1.10E+30 2.16E+30 3.15E+30 4.01E+30 4.74E+30 5.31E+30 5.70E+30 5.93E+30 6.00E+30 5.91E+30 5.70E+30 5.38E+30 4.97E+30 4.52E+30 4.03E+30 3.54E+30 3.05E+30 2.59E+30 2.17E+30 1.79E+30 1.45E+30 1.16E+30 9.11E+29 7.07E+29 5.41E+29 4.08E+29 3.03E+29 2.23E+29 1.61E+29 1.15E+29
 140.00  3.407  4.28E+34 2.05E+33 4.41E+34 2.47E+31 4.85E+31 7.06E+31 9.02E+31 1.07E+32 1.20E+32 1.29E+32 1.35E+32 1.37E+32 1.36E+32 1.31E+32 1.24E+32 1.16E+32 1.06E+32 9.52E+31 8.41E+31 7.32E+31 6.26E+31 5.28E+31 4.39E+31 3.59E+31 2.90E+31 2.31E+31 1.81E+31 1.40E+31 1.07E+31 8.04E+30 5.97E+30 4.38E+30 3.17E+30
 150.00  3.527  8.99E+35 4.28E+34 9.36E+35 4.99E+32 9.80E+32 1.43E+33 1.83E+33 2.17E+33 2.44E+33 2.64E+33 2.76E+33 2.81E+33 2.79E+33 2.72E+33 2.59E+33 2.42E+33 2.23E+33 2.01E+33 1.79E+33 1.57E+33 1.35E+33 1.15E+33 9.62E+32 7.94E+32 6.47E+32 5.19E+32 4.11E+32 3.21E+32 2.48E+32 1.89E+32 1.42E+32 1.05E+32 7.69E+31
 160.00  3.642  1.71E+37 8.12E+35 1.80E+37 9.16E+33 1.80E+34 2.63E+34 3.37E+34 4.00E+34 4.51E+34 4.88E+34 5.13E+34 5.24E+34 5.22E+34 5.10E+34 4.88E+34 4.59E+34 4.24E+34 3.85E+34 3.45E+34 3.04E+34 2.64E+34 2.26E+34 1.90E+34 1.58E+34 1.30E+34 1.05E+34 8.41E+33 6.63E+33 5.17E+33 3.97E+33 3.01E+33 2.26E+33 1.67E+33
 170.00  3.754  2.99E+38 1.41E+37 3.17E+38 1.54E+35 3.04E+35 4.43E+35 5.69E+35 6.76E+35 7.64E+35 8.30E+35 8.73E+35 8.94E+35 8.95E+35 8.77E+35 8.43E+35 7.96E+35 7.39E+35 6.75E+35 6.07E+35 5.38E+35 4.69E+35 4.04E+35 3.43E+35 2.88E+35 2.38E+35 1.94E+35 1.56E+35 1.24E+35 9.76E+34 7.57E+34 5.80E+34 4.39E+34 3.28E+34
 180.00  3.863  4.82E+39 2.26E+38 5.15E+39 2.40E+36 4.73E+36 6.91E+36 8.88E+36 1.06E+37 1.20E+37 1.30E+37 1.37E+37 1.41E+37 1.42E+37 1.39E+37 1.34E+37 1.27E+37 1.19E+37 1.09E+37 9.83E+36 8.76E+36 7.69E+36 6.66E+36 5.69E+36 4.80E+36 3.99E+36 3.28E+36 2.66E+36 2.13E+36 1.69E+36 1.32E+36 1.02E+36 7.79E+35 5.88E+35
 190.00  3.969  7.21E+40 3.36E+39 7.75E+40 3.48E+37 6.86E+37 1.00E+38 1.29E+38 1.54E+38 1.74E+38 1.90E+38 2.01E+38 2.07E+38 2.08E+38 2.05E+38 1.99E+38 1.89E+38 1.77E+38 1.63E+38 1.48E+38 1.32E+38 1.17E+38 1.02E+38 8.73E+37 7.40E+37 6.20E+37 5.13E+37 4.19E+37 3.38E+37 2.70E+37 2.12E+37 1.65E+37 1.27E+37 9.69E+36
 200.00  4.072  1.01E+42 4.67E+40 1.09E+42 4.72E+38 9.30E+38 1.36E+39 1.75E+39 2.09E+39 2.37E+39 2.59E+39 2.74E+39 2.83E+39 2.86E+39 2.82E+39 2.74E+39 2.62E+39 2.46E+39 2.27E+39 2.07E+39 1.86E+39 1.65E+39 1.44E+39 1.25E+39 1.06E+39 8.95E+38 7.45E+38 6.12E+38 4.97E+38 3.99E+38 3.17E+38 2.49E+38 1.93E+38 1.48E+38

                    ************************************************************************************************
                    *  Z= 39 A= 87: Negative-Parity Spin-dependent Level Density [MeV-1] for Y  87 and ldmodel= 1  *
                    ************************************************************************************************
 U[MeV]  T[MeV]  NCUMUL   RHOOBS   RHOTOT    J=01/2   J=03/2   J=05/2   J=07/2   J=09/2   J=11/2   J=13/2   J=15/2   J=17/2   J=19/2   J=21/2   J=23/2   J=25/2   J=27/2   J=29/2   J=31/2   J=33/2   J=35/2   J=37/2   J=39/2   J=41/2   J=43/2   J=45/2   J=47/2   J=49/2   J=51/2   J=53/2   J=55/2   J=57/2   J=59/2
   0.25  0.144  1.95E+00 3.91E+00 2.27E+01 4.97E-01 8.11E-01 8.65E-01 7.16E-01 4.85E-01 2.75E-01 1.32E-01 5.45E-02 1.93E-02 5.86E-03 1.54E-03 3.51E-04 6.94E-05 1.19E-05 1.77E-06 2.28E-07 2.56E-08 2.50E-09 2.12E-10 1.57E-11 1.01E-12 5.65E-14 2.75E-15 1.17E-16 4.33E-18 1.40E-19 3.92E-21 9.60E-23 2.05E-24 3.81E-26
   0.50  0.204  5.48E+00 7.06E+00 4.10E+01 8.98E-01 1.46E+00 1.56E+00 1.29E+00 8.76E-01 4.97E-01 2.39E-01 9.84E-02 3.48E-02 1.06E-02 2.79E-03 6.35E-04 1.25E-04 2.14E-05 3.19E-06 4.12E-07 4.62E-08 4.51E-09 3.83E-10 2.83E-11 1.82E-12 1.02E-13 4.97E-15 2.11E-16 7.82E-18 2.52E-19 7.08E-21 1.73E-22 3.70E-24 6.88E-26
   0.75  0.249  1.09E+01 1.09E+01 6.34E+01 1.39E+00 2.27E+00 2.42E+00 2.00E+00 1.36E+00 7.69E-01 3.70E-01 1.52E-01 5.38E-02 1.64E-02 4.31E-03 9.82E-04 1.94E-04 3.32E-05 4.93E-06 6.37E-07 7.15E-08 6.98E-09 5.93E-10 4.38E-11 2.82E-12 1.58E-13 7.70E-15 3.27E-16 1.21E-17 3.90E-19 1.10E-20 2.68E-22 5.73E-24 1.06E-25
   1.00  0.288  1.91E+01 1.63E+01 9.47E+01 2.08E+00 3.39E+00 3.61E+00 2.99E+00 2.03E+00 1.15E+00 5.53E-01 2.27E-01 8.04E-02 2.45E-02 6.44E-03 1.47E-03 2.90E-04 4.96E-05 7.37E-06 9.52E-07 1.07E-07 1.04E-08 8.86E-10 6.54E-11 4.21E-12 2.36E-13 1.15E-14 4.89E-16 1.81E-17 5.83E-19 1.64E-20 4.01E-22 8.56E-24 1.59E-25
   1.25  0.322  3.11E+01 2.39E+01 1.39E+02 3.05E+00 4.97E+00 5.30E+00 4.39E+00 2.97E+00 1.69E+00 8.11E-01 3.34E-01 1.18E-01 3.59E-02 9.46E-03 2.15E-03 4.25E-04 7.28E-05 1.08E-05 1.40E-06 1.57E-07 1.53E-08 1.30E-09 9.60E-11 6.18E-12 3.46E-13 1.69E-14 7.17E-16 2.65E-17 8.55E-19 2.40E-20 5.88E-22 1.26E-23 2.33E-25
   1.50  0.353  4.84E+01 3.47E+01 2.02E+02 4.42E+00 7.21E+00 7.69E+00 6.36E+00 4.31E+00 2.44E+00 1.18E+00 4.84E-01 1.71E-01 5.21E-02 1.37E-02 3.12E-03 6.16E-04 1.06E-04 1.57E-05 2.03E-06 2.27E-07 2.22E-08 1.88E-09 1.39E-10 8.96E-12 5.02E-13 2.45E-14 1.04E-15 3.85E-17 1.24E-18 3.48E-20 8.53E-22 1.82E-23 3.39E-25
   1.75  0.381  7.34E+01 4.99E+01 2.96E+02 6.16E+00 1.01E+01 1.09E+01 9.17E+00 6.34E+00 3.69E+00 1.83E+00 7.77E-01 2.85E-01 9.07E-02 2.50E-02 6.00E-03 1.25E-03 2.28E-04 3.61E-05 5.00E-06 6.04E-07 6.38E-08 5.89E-09 4.75E-10 3.35E-11 2.06E-12 1.11E-13 5.26E-15 2.17E-16 7.85E-18 2.48E-19 6.88E-21 1.67E-22 3.54E-24
   2.00  0.407  1.09E+02 7.14E+01 4.36E+02 8.35E+00 1.38E+01 1.52E+01 1.31E+01 9.37E+00 5.67E+00 2.95E+00 1.32E+00 5.17E-01 1.76E-01 5.24E-02 1.37E-02 3.12E-03 6.27E-04 1.11E-04 1.71E-05 2.33E-06 2.80E-07 2.95E-08 2.74E-09 2.25E-10 1.62E-11 1.03E-12 5.77E-14 2.85E-15 1.24E-16 4.75E-18 1.61E-19 4.80E-21 1.26E-22
   2.25  0.432  1.60E+02 1.01E+02 6.40E+02 1.13E+01 1.89E+01 2.11E+01 1.86E+01 1.37E+01 8.59E+00 4.66E+00 2.20E+00 9.07E-01 3.29E-01 1.05E-01 2.94E-02 7.30E-03 1.60E-03 3.10E-04 5.31E-05 8.06E-06 1.08E-06 1.29E-07 1.36E-08 1.27E-09 1.06E-10 7.77E-12 5.07E-13 2.93E-14 1.51E-15 6.87E-17 2.78E-18 9.99E-20 3.19E-21
   2.50  0.455  2.32E+02 1.44E+02 9.33E+02 1.52E+01 2.57E+01 2.92E+01 2.63E+01 1.98E+01 1.28E+01 7.23E+00 3.57E+00 1.55E+00 5.93E-01 2.01E-01 6.04E-02 1.61E-02 3.82E-03 8.06E-04 1.51E-04 2.53E-05 3.77E-06 5.00E-07 5.91E-08 6.24E-09 5.87E-10 4.93E-11 3.69E-12 2.47E-13 1.47E-14 7.84E-16 3.73E-17 1.58E-18 6.00E-20
   2.75  0.478  3.33E+02 2.03E+02 1.35E+03 2.05E+01 3.50E+01 4.01E+01 3.68E+01 2.85E+01 1.90E+01 1.11E+01 5.68E+00 2.58E+00 1.04E+00 3.72E-01 1.19E-01 3.39E-02 8.64E-03 1.97E-03 4.01E-04 7.32E-05 1.20E-05 1.75E-06 2.30E-07 2.70E-08 2.85E-09 2.70E-10 2.29E-11 1.74E-12 1.19E-13 7.30E-15 4.02E-16 1.98E-17 8.79E-19
   3.00  0.499  4.76E+02 2.85E+02 1.96E+03 2.76E+01 4.74E+01 5.51E+01 5.14E+01 4.06E+01 2.78E+01 1.67E+01 8.90E+00 4.21E+00 1.78E+00 6.70E-01 2.26E-01 6.85E-02 1.86E-02 4.55E-03 1.00E-03 1.98E-04 3.51E-05 5.63E-06 8.11E-07 1.05E-07 1.23E-08 1.30E-09 1.24E-10 1.06E-11 8.18E-13 5.70E-14 3.58E-15 2.03E-16 1.04E-17
   3.25  0.519  6.76E+02 4.00E+02 2.81E+03 3.72E+01 6.42E+01 7.55E+01 7.15E+01 5.76E+01 4.04E+01 2.50E+01 1.38E+01 6.76E+00 2.97E+00 1.17E+00 4.17E-01 1.34E-01 3.86E-02 1.00E-02 2.36E-03 5.02E-04 9.64E-05 1.67E-05 2.63E-06 3.74E-07 4.81E-08 5.61E-09 5.91E-10 5.64E-11 4.88E-12 3.82E-13 2.71E-14 1.74E-15 1.01E-16
   3.50  0.539  9.56E+02 5.60E+02 4.04E+03 5.00E+01 8.69E+01 1.03E+02 9.91E+01 8.14E+01 5.84E+01 3.71E+01 2.10E+01 1.07E+01 4.88E+00 2.01E+00 7.49E-01 2.52E-01 7.69E-02 2.12E-02 5.32E-03 1.21E-03 2.49E-04 4.66E-05 7.93E-06 1.22E-06 1.72E-07 2.19E-08 2.54E-09 2.68E-10 2.57E-11 2.24E-12 1.78E-13 1.28E-14 8.40E-16
   3.75  0.558  1.35E+03 7.82E+02 5.77E+03 6.72E+01 1.17E+02 1.41E+02 1.37E+02 1.14E+02 8.38E+01 5.45E+01 3.18E+01 1.67E+01 7.89E+00 3.38E+00 1.31E+00 4.64E-01 1.49E-01 4.33E-02 1.15E-02 2.78E-03 6.11E-04 1.23E-04 2.24E-05 3.73E-06 5.68E-07 7.88E-08 9.97E-09 1.15E-09 1.21E-10 1.17E-11 1.03E-12 8.22E-14 6.02E-15
   4.00  0.576  1.89E+03 1.09E+03 8.23E+03 9.02E+01 1.59E+02 1.92E+02 1.89E+02 1.60E+02 1.20E+02 7.95E+01 4.76E+01 2.57E+01 1.26E+01 5.59E+00 2.26E+00 8.31E-01 2.79E-01 8.55E-02 2.39E-02 6.12E-03 1.43E-03 3.06E-04 5.98E-05 1.07E-05 1.75E-06 2.62E-07 3.60E-08 4.52E-09 5.20E-10 5.48E-11 5.29E-12 4.68E-13 3.79E-14
   4.25  0.594  2.65E+03 1.52E+03 1.17E+04 1.21E+02 2.14E+02 2.61E+02 2.60E+02 2.23E+02 1.70E+02 1.15E+02 7.07E+01 3.92E+01 1.98E+01 9.08E+00 3.81E+00 1.46E+00 5.12E-01 1.64E-01 4.83E-02 1.30E-02 3.21E-03 7.28E-04 1.52E-04 2.89E-05 5.07E-06 8.17E-07 1.21E-07 1.64E-08 2.05E-09 2.35E-10 2.47E-11 2.40E-12 2.13E-13
   4.50  0.611  3.71E+03 2.11E+03 1.66E+04 1.63E+02 2.89E+02 3.54E+02 3.57E+02 3.11E+02 2.40E+02 1.66E+02 1.04E+02 5.93E+01 3.07E+01 1.46E+01 6.32E+00 2.51E+00 9.17E-01 3.07E-01 9.45E-02 2.67E-02 6.96E-03 1.67E-03 3.67E-04 7.45E-05 1.39E-05 2.39E-06 3.80E-07 5.54E-08 7.46E-09 9.25E-10 1.06E-10 1.11E-11 1.08E-12
   4.75  0.628  5.18E+03 2.93E+03 2.35E+04 2.19E+02 3.89E+02 4.81E+02 4.89E+02 4.32E+02 3.38E+02 2.39E+02 1.53E+02 8.88E+01 4.73E+01 2.31E+01 1.03E+01 4.25E+00 1.61E+00 5.61E-01 1.80E-01 5.34E-02 1.46E-02 3.67E-03 8.54E-04 1.83E-04 3.63E-05 6.65E-06 1.13E-06 1.76E-07 2.54E-08 3.39E-09 4.17E-10 4.76E-11 5.01E-12
   5.00  0.644  7.21E+03 4.07E+03 3.32E+04 2.93E+02 5.25E+02 6.53E+02 6.69E+02 5.98E+02 4.75E+02 3.41E+02 2.22E+02 1.32E+02 7.21E+01 3.62E+01 1.67E+01 7.09E+00 2.78E+00 1.00E+00 3.36E-01 1.04E-01 2.96E-02 7.83E-03 1.92E-03 4.33E-04 9.08E-05 1.76E-05 3.16E-06 5.26E-07 8.12E-08 1.16E-08 1.53E-09 1.88E-10 2.14E-11
   5.50  0.675  1.50E+04 7.80E+03 6.60E+04 5.29E+02 9.52E+02 1.20E+03 1.25E+03 1.14E+03 9.29E+02 6.86E+02 4.63E+02 2.87E+02 1.64E+02 8.62E+01 4.19E+01 1.89E+01 7.88E+00 3.05E+00 1.10E+00 3.66E-01 1.13E-01 3.27E-02 8.75E-03 2.18E-03 5.04E-04 1.09E-04 2.18E-05 4.06E-06 7.05E-07 1.14E-07 1.72E-08 2.40E-09 3.13E-10
   6.00  0.705  2.99E+04 1.49E+04 1.30E+05 9.53E+02 1.73E+03 2.19E+03 2.32E+03 2.15E+03 1.80E+03 1.37E+03 9.50E+02 6.10E+02 3.62E+02 1.99E+02 1.01E+02 4.81E+01 2.12E+01 8.72E+00 3.34E+00 1.19E+00 3.97E-01 1.23E-01 3.58E-02 9.70E-03 2.46E-03 5.80E-04 1.28E-04 2.64E-05 5.10E-06 9.19E-07 1.55E-07 2.44E-08 3.59E-09
   6.50  0.734  5.83E+04 2.84E+04 2.56E+05 1.72E+03 3.12E+03 4.01E+03 4.30E+03 4.06E+03 3.45E+03 2.68E+03 1.92E+03 1.27E+03 7.81E+02 4.46E+02 2.37E+02 1.18E+02 5.46E+01 2.37E+01 9.59E+00 3.64E+00 1.29E+00 4.30E-01 1.34E-01 3.91E-02 1.07E-02 2.75E-03 6.61E-04 1.49E-04 3.16E-05 6.27E-06 1.17E-06 2.04E-07 3.35E-08
   7.00  0.762  1.12E+05 5.38E+04 5.01E+05 3.09E+03 5.65E+03 7.32E+03 7.93E+03 7.60E+03 6.58E+03 5.23E+03 3.84E+03 2.61E+03 1.65E+03 9.77E+02 5.40E+02 2.79E+02 1.35E+02 6.15E+01 2.62E+01 1.05E+01 3.95E+00 1.40E+00 4.64E-01 1.45E-01 4.25E-02 1.17E-02 3.05E-03 7.47E-04 1.72E-04 3.72E-05 7.59E-06 1.46E-06 2.63E-07
   7.50  0.789  2.14E+05 1.02E+05 9.75E+05 5.56E+03 1.02E+04 1.33E+04 1.46E+04 1.42E+04 1.25E+04 1.01E+04 7.58E+03 5.29E+03 3.44E+03 2.10E+03 1.20E+03 6.44E+02 3.25E+02 1.54E+02 6.88E+01 2.89E+01 1.14E+01 4.27E+00 1.50E+00 4.99E-01 1.56E-01 4.61E-02 1.28E-02 3.37E-03 8.37E-04 1.96E-04 4.33E-05 9.05E-06 1.78E-06
   8.00  0.814  4.05E+05 1.91E+05 1.87E+06 1.00E+04 1.85E+04 2.43E+04 2.68E+04 2.63E+04 2.34E+04 1.92E+04 1.47E+04 1.04E+04 6.93E+03 4.32E+03 2.53E+03 1.40E+03 7.26E+02 3.56E+02 1.64E+02 7.16E+01 2.95E+01 1.15E+01 4.20E+00 1.46E+00 4.79E-01 1.48E-01 4.35E-02 1.21E-02 3.17E-03 7.87E-04 1.85E-04 4.11E-05 8.64E-06
   8.50  0.840  7.56E+05 3.52E+05 3.51E+06 1.79E+04 3.30E+04 4.35E+04 4.83E+04 4.78E+04 4.30E+04 3.58E+04 2.77E+04 2.00E+04 1.35E+04 8.61E+03 5.16E+03 2.91E+03 1.55E+03 7.80E+02 3.71E+02 1.67E+02 7.10E+01 2.86E+01 1.09E+01 3.92E+00 1.34E+00 4.34E-01 1.33E-01 3.86E-02 1.06E-02 2.77E-03 6.86E-04 1.61E-04 3.57E-05
   9.00  0.864  1.39E+06 6.36E+05 6.46E+06 3.13E+04 5.80E+04 7.67E+04 8.57E+04 8.53E+04 7.76E+04 6.52E+04 5.11E+04 3.74E+04 2.58E+04 1.67E+04 1.02E+04 5.88E+03 3.20E+03 1.65E+03 8.06E+02 3.73E+02 1.63E+02 6.78E+01 2.67E+01 9.97E+00 3.53E+00 1.19E+00 3.79E-01 1.15E-01 3.30E-02 8.99E-03 2.33E-03 5.73E-04 1.34E-04
   9.50  0.888  2.52E+06 1.13E+06 1.17E+07 5.40E+04 1.00E+05 1.33E+05 1.50E+05 1.50E+05 1.38E+05 1.17E+05 9.25E+04 6.87E+04 4.80E+04 3.16E+04 1.96E+04 1.15E+04 6.42E+03 3.39E+03 1.69E+03 8.03E+02 3.61E+02 1.54E+02 6.26E+01 2.41E+01 8.84E+00 3.07E+00 1.02E+00 3.20E-01 9.56E-02 2.72E-02 7.34E-03 1.89E-03 4.61E-04
  10.00  0.911  4.51E+06 1.98E+06 2.08E+07 9.20E+04 1.71E+05 2.28E+05 2.58E+05 2.60E+05 2.40E+05 2.06E+05 1.65E+05 1.24E+05 8.76E+04 5.85E+04 3.70E+04 2.21E+04 1.26E+04 6.75E+03 3.45E+03 1.67E+03 7.72E+02 3.39E+02 1.41E+02 5.60E+01 2.11E+01 7.59E+00 2.59E+00 8.44E-01 2.61E-01 7.71E-02 2.17E-02 5.79E-03 1.48E-03
  11.00  0.955  1.62E+07 5.85E+06 6.33E+07 2.58E+05 4.82E+05 6.45E+05 7.35E+05 7.50E+05 7.03E+05 6.12E+05 4.99E+05 3.83E+05 2.77E+05 1.90E+05 1.24E+05 7.63E+04 4.47E+04 2.50E+04 1.32E+04 6.70E+03 3.22E+03 1.48E+03 6.47E+02 2.70E+02 1.07E+02 4.08E+01 1.48E+01 5.11E+00 1.69E+00 5.31E-01 1.60E-01 4.58E-02 1.26E-02
  12.00  0.997  4.91E+07 1.65E+07 1.83E+08 6.92E+05 1.30E+06 1.75E+06 2.00E+06 2.07E+06 1.96E+06 1.73E+06 1.43E+06 1.12E+06 8.27E+05 5.80E+05 3.86E+05 2.45E+05 1.48E+05 8.49E+04 4.66E+04 2.44E+04 1.22E+04 5.81E+03 2.65E+03 1.16E+03 4.81E+02 1.92E+02 7.29E+01 2.65E+01 9.25E+00 3.08E+00 9.82E-01 2.99E-01 8.73E-02
  13.00  1.038  1.38E+08 4.44E+07 5.05E+08 1.79E+06 3.36E+06 4.55E+06 5.25E+06 5.46E+06 5.23E+06 4.67E+06 3.92E+06 3.11E+06 2.34E+06 1.67E+06 1.14E+06 7.38E+05 4.57E+05 2.70E+05 1.52E+05 8.21E+04 4.24E+04 2.09E+04 9.89E+03 4.48E+03 1.94E+03 8.05E+02 3.20E+02 1.22E+02 4.45E+01 1.56E+01 5.21E+00 1.68E+00 5.16E-01
  14.00  1.077  3.69E+08 1.16E+08 1.34E+09 4.47E+06 8.42E+06 1.14E+07 1.33E+07 1.39E+07 1.34E+07 1.21E+07 1.03E+07 8.30E+06 6.34E+06 4.61E+06 3.19E+06 2.11E+06 1.34E+06 8.08E+05 4.68E+05 2.59E+05 1.38E+05 7.00E+04 3.42E+04 1.60E+04 7.17E+03 3.08E+03 1.27E+03 5.05E+02 1.92E+02 7.01E+01 2.46E+01 8.27E+00 2.67E+00
  15.00  1.115  9.50E+08 2.91E+08 3.45E+09 1.08E+07 2.05E+07 2.79E+07 3.26E+07 3.43E+07 3.34E+07 3.05E+07 2.62E+07 2.13E+07 1.65E+07 1.22E+07 8.59E+06 5.79E+06 3.73E+06 2.30E+06 1.36E+06 7.73E+05 4.21E+05 2.20E+05 1.10E+05 5.32E+04 2.46E+04 1.09E+04 4.67E+03 1.92E+03 7.57E+02 2.87E+02 1.05E+02 3.67E+01 1.24E+01
  16.00  1.152  2.37E+09 7.10E+08 8.57E+09 2.56E+07 4.84E+07 6.63E+07 7.77E+07 8.23E+07 8.07E+07 7.42E+07 6.44E+07 5.30E+07 4.15E+07 3.11E+07 2.22E+07 1.52E+07 9.98E+06 6.28E+06 3.79E+06 2.20E+06 1.22E+06 6.55E+05 3.37E+05 1.67E+05 7.93E+04 3.63E+04 1.60E+04 6.77E+03 2.76E+03 1.08E+03 4.09E+02 1.49E+02 5.21E+01
  17.00  1.187  5.74E+09 1.69E+09 2.07E+10 5.89E+07 1.12E+08 1.53E+08 1.80E+08 1.92E+08 1.90E+08 1.76E+08 1.54E+08 1.28E+08 1.01E+08 7.67E+07 5.56E+07 3.86E+07 2.58E+07 1.65E+07 1.01E+07 5.99E+06 3.40E+06 1.86E+06 9.79E+05 4.96E+05 2.42E+05 1.14E+05 5.14E+04 2.24E+04 9.42E+03 3.81E+03 1.49E+03 5.59E+02 2.03E+02
  18.00  1.222  1.36E+10 3.91E+09 4.89E+10 1.33E+08 2.52E+08 3.46E+08 4.09E+08 4.38E+08 4.35E+08 4.06E+08 3.58E+08 3.00E+08 2.40E+08 1.84E+08 1.35E+08 9.51E+07 6.43E+07 4.18E+07 2.61E+07 1.57E+07 9.09E+06 5.07E+06 2.72E+06 1.41E+06 7.03E+05 3.38E+05 1.57E+05 7.02E+04 3.03E+04 1.26E+04 5.07E+03 1.96E+03 7.35E+02
  19.00  1.255  3.13E+10 8.86E+09 1.13E+11 2.92E+08 5.56E+08 7.67E+08 9.09E+08 9.77E+08 9.75E+08 9.15E+08 8.13E+08 6.88E+08 5.56E+08 4.30E+08 3.19E+08 2.27E+08 1.56E+08 1.03E+08 6.51E+07 3.98E+07 2.34E+07 1.33E+07 7.28E+06 3.85E+06 1.96E+06 9.63E+05 4.57E+05 2.10E+05 9.27E+04 3.96E+04 1.63E+04 6.51E+03 2.50E+03
  20.00  1.288  7.07E+10 1.97E+10 2.53E+11 6.32E+08 1.20E+09 1.66E+09 1.98E+09 2.14E+09 2.14E+09 2.02E+09 1.81E+09 1.54E+09 1.26E+09 9.81E+08 7.35E+08 5.30E+08 3.67E+08 2.45E+08 1.58E+08 9.78E+07 5.85E+07 3.38E+07 1.88E+07 1.01E+07 5.25E+06 2.64E+06 1.28E+06 5.98E+05 2.71E+05 1.18E+05 5.00E+04 2.04E+04 8.08E+03
  22.50  1.366  7.37E+11 1.33E+11 1.77E+12 4.03E+09 7.69E+09 1.07E+10 1.28E+10 1.39E+10 1.41E+10 1.35E+10 1.23E+10 1.06E+10 8.82E+09 7.03E+09 5.39E+09 3.98E+09 2.83E+09 1.94E+09 1.29E+09 8.25E+08 5.11E+08 3.05E+08 1.77E+08 9.89E+07 5.36E+07 2.81E+07 1.42E+07 7.00E+06 3.33E+06 1.53E+06 6.83E+05 2.95E+05 1.24E+05
  25.00  1.440  4.82E+12 8.16E+11 1.12E+13 2.34E+10 4.48E+10 6.24E+10 7.52E+10 8.25E+10 8.44E+10 8.15E+10 7.49E+10 6.58E+10 5.55E+10 4.50E+10 3.51E+10 2.65E+10 1.93E+10 1.35E+10 9.21E+09 6.06E+09 3.86E+09 2.38E+09 1.42E+09 8.22E+08 4.61E+08 2.51E+08 1.32E+08 6.76E+07 3.35E+07 1.61E+07 7.51E+06 3.40E+06 1.49E+06
  30.00  1.577  2.44E+14 2.39E+13 3.45E+14 6.25E+11 1.20E+12 1.69E+12 2.05E+12 2.28E+12 2.36E+12 2.32E+12 2.17E+12 1.95E+12 1.69E+12 1.41E+12 1.13E+12 8.81E+11 6.64E+11 4.85E+11 3.43E+11 2.36E+11 1.57E+11 1.02E+11 6.38E+10 3.90E+10 2.31E+10 1.33E+10 7.47E+09 4.07E+09 2.16E+09 1.11E+09 5.57E+08 2.71E+08 1.29E+08
  40.00  1.821  1.99E+17 9.92E+15 1.55E+17 2.24E+14 4.33E+14 6.13E+14 7.55E+14 8.51E+14 9.01E+14 9.06E+14 8.73E+14 8.08E+14 7.23E+14 6.26E+14 5.25E+14 4.28E+14 3.38E+14 2.60E+14 1.95E+14 1.42E+14 1.01E+14 6.98E+13 4.70E+13 3.09E+13 1.98E+13 1.24E+13 7.57E+12 4.50E+12 2.62E+12 1.48E+12 8.21E+11 4.44E+11 2.34E+11
  50.00  2.036  4.15E+19 2.07E+18 3.42E+19 4.17E+16 8.09E+16 1.15E+17 1.43E+17 1.63E+17 1.75E+17 1.79E+17 1.75E+17 1.66E+17 1.52E+17 1.35E+17 1.16E+17 9.77E+16 7.99E+16 6.37E+16 4.95E+16 3.76E+16 2.79E+16 2.02E+16 1.43E+16 9.86E+15 6.66E+15 4.40E+15 2.84E+15 1.80E+15 1.11E+15 6.73E+14 3.98E+14 2.31E+14 1.31E+14
  60.00  2.230  5.31E+21 2.63E+20 4.58E+21 4.85E+18 9.44E+18 1.35E+19 1.69E+19 1.94E+19 2.10E+19 2.17E+19 2.16E+19 2.08E+19 1.93E+19 1.75E+19 1.54E+19 1.32E+19 1.11E+19 9.07E+18 7.25E+18 5.67E+18 4.33E+18 3.24E+18 2.38E+18 1.70E+18 1.20E+18 8.23E+17 5.55E+17 3.67E+17 2.37E+17 1.51E+17 9.36E+16 5.71E+16 3.41E+16
  70.00  2.409  4.68E+23 2.31E+22 4.18E+23 3.94E+20 7.69E+20 1.10E+21 1.39E+21 1.60E+21 1.75E+21 1.83E+21 1.84E+21 1.78E+21 1.68E+21 1.55E+21 1.38E+21 1.21E+21 1.03E+21 8.62E+20 7.04E+20 5.63E+20 4.41E+20 3.39E+20 2.55E+20 1.88E+20 1.36E+20 9.67E+19 6.73E+19 4.60E+19 3.09E+19 2.03E+19 1.31E+19 8.33E+18 5.18E+18
  80.00  2.575  3.06E+25 1.51E+24 2.83E+25 2.41E+22 4.70E+22 6.77E+22 8.53E+22 9.92E+22 1.09E+23 1.15E+23 1.16E+23 1.14E+23 1.09E+23 1.01E+23 9.15E+22 8.10E+22 7.02E+22 5.96E+22 4.95E+22 4.04E+22 3.23E+22 2.53E+22 1.95E+22 1.47E+22 1.09E+22 7.93E+21 5.67E+21 3.98E+21 2.75E+21 1.86E+21 1.24E+21 8.13E+20 5.23E+20
  90.00  2.732  1.57E+27 7.71E+25 1.49E+27 1.16E+24 2.27E+24 3.28E+24 4.14E+24 4.84E+24 5.34E+24 5.64E+24 5.76E+24 5.69E+24 5.48E+24 5.14E+24 4.71E+24 4.22E+24 3.70E+24 3.19E+24 2.69E+24 2.22E+24 1.81E+24 1.44E+24 1.13E+24 8.68E+23 6.56E+23 4.88E+23 3.57E+23 2.56E+23 1.81E+23 1.26E+23 8.60E+22 5.78E+22 3.82E+22
 100.00  2.879  6.58E+28 3.21E+27 6.37E+28 4.58E+25 8.97E+25 1.30E+26 1.65E+26 1.93E+26 2.14E+26 2.27E+26 2.33E+26 2.32E+26 2.25E+26 2.13E+26 1.97E+26 1.78E+26 1.58E+26 1.37E+26 1.17E+26 9.83E+25 8.09E+25 6.55E+25 5.21E+25 4.07E+25 3.13E+25 2.37E+25 1.76E+25 1.29E+25 9.31E+24 6.61E+24 4.61E+24 3.17E+24 2.15E+24
 110.00  3.020  2.31E+30 1.12E+29 2.28E+30 1.53E+27 2.99E+27 4.33E+27 5.51E+27 6.47E+27 7.20E+27 7.69E+27 7.93E+27 7.94E+27 7.74E+27 7.38E+27 6.87E+27 6.27E+27 5.62E+27 4.93E+27 4.25E+27 3.61E+27 3.00E+27 2.46E+27 1.98E+27 1.57E+27 1.23E+27 9.42E+26 7.13E+26 5.31E+26 3.89E+26 2.81E+26 2.00E+26 1.40E+26 9.68E+25
 120.00  3.154  6.95E+31 3.36E+30 6.97E+31 4.38E+28 8.59E+28 1.25E+29 1.59E+29 1.87E+29 2.09E+29 2.24E+29 2.32E+29 2.33E+29 2.29E+29 2.19E+29 2.06E+29 1.89E+29 1.71E+29 1.51E+29 1.32E+29 1.13E+29 9.48E+28 7.85E+28 6.40E+28 5.13E+28 4.06E+28 3.16E+28 2.42E+28 1.83E+28 1.36E+28 9.98E+27 7.22E+27 5.15E+27 3.61E+27
 130.00  3.283  1.83E+33 8.81E+31 1.86E+33 1.10E+30 2.16E+30 3.15E+30 4.01E+30 4.74E+30 5.31E+30 5.70E+30 5.93E+30 6.00E+30 5.91E+30 5.70E+30 5.38E+30 4.97E+30 4.52E+30 4.03E+30 3.54E+30 3.05E+30 2.59E+30 2.17E+30 1.79E+30 1.45E+30 1.16E+30 9.11E+29 7.07E+29 5.41E+29 4.08E+29 3.03E+29 2.23E+29 1.61E+29 1.15E+29
 140.00  3.407  4.28E+34 2.05E+33 4.41E+34 2.47E+31 4.85E+31 7.06E+31 9.02E+31 1.07E+32 1.20E+32 1.29E+32 1.35E+32 1.37E+32 1.36E+32 1.31E+32 1.24E+32 1.16E+32 1.06E+32 9.52E+31 8.41E+31 7.32E+31 6.26E+31 5.28E+31 4.39E+31 3.59E+31 2.90E+31 2.31E+31 1.81E+31 1.40E+31 1.07E+31 8.04E+30 5.97E+30 4.38E+30 3.17E+30
 150.00  3.527  8.99E+35 4.28E+34 9.36E+35 4.99E+32 9.80E+32 1.43E+33 1.83E+33 2.17E+33 2.44E+33 2.64E+33 2.76E+33 2.81E+33 2.79E+33 2.72E+33 2.59E+33 2.42E+33 2.23E+33 2.01E+33 1.79E+33 1.57E+33 1.35E+33 1.15E+33 9.62E+32 7.94E+32 6.47E+32 5.19E+32 4.11E+32 3.21E+32 2.48E+32 1.89E+32 1.42E+32 1.05E+32 7.69E+31
 160.00  3.642  1.71E+37 8.12E+35 1.80E+37 9.16E+33 1.80E+34 2.63E+34 3.37E+34 4.00E+34 4.51E+34 4.88E+34 5.13E+34 5.24E+34 5.22E+34 5.10E+34 4.88E+34 4.59E+34 4.24E+34 3.85E+34 3.45E+34 3.04E+34 2.64E+34 2.26E+34 1.90E+34 1.58E+34 1.30E+34 1.05E+34 8.41E+33 6.63E+33 5.17E+33 3.97E+33 3.01E+33 2.26E+33 1.67E+33
 170.00  3.754  2.99E+38 1.41E+37 3.17E+38 1.54E+35 3.04E+35 4.43E+35 5.69E+35 6.76E+35 7.64E+35 8.30E+35 8.73E+35 8.94E+35 8.95E+35 8.77E+35 8.43E+35 7.96E+35 7.39E+35 6.75E+35 6.07E+35 5.38E+35 4.69E+35 4.04E+35 3.43E+35 2.88E+35 2.38E+35 1.94E+35 1.56E+35 1.24E+35 9.76E+34 7.57E+34 5.80E+34 4.39E+34 3.28E+34
 180.00  3.863  4.82E+39 2.26E+38 5.15E+39 2.40E+36 4.73E+36 6.91E+36 8.88E+36 1.06E+37 1.20E+37 1.30E+37 1.37E+37 1.41E+37 1.42E+37 1.39E+37 1.34E+37 1.27E+37 1.19E+37 1.09E+37 9.83E+36 8.76E+36 7.69E+36 6.66E+36 5.69E+36 4.80E+36 3.99E+36 3.28E+36 2.66E+36 2.13E+36 1.69E+36 1.32E+36 1.02E+36 7.79E+35 5.88E+35
 190.00  3.969  7.21E+40 3.36E+39 7.75E+40 3.48E+37 6.86E+37 1.00E+38 1.29E+38 1.54E+38 1.74E+38 1.90E+38 2.01E+38 2.07E+38 2.08E+38 2.05E+38 1.99E+38 1.89E+38 1.77E+38 1.63E+38 1.48E+38 1.32E+38 1.17E+38 1.02E+38 8.73E+37 7.40E+37 6.20E+37 5.13E+37 4.19E+37 3.38E+37 2.70E+37 2.12E+37 1.65E+37 1.27E+37 9.69E+36
 200.00  4.072  1.01E+42 4.67E+40 1.09E+42 4.72E+38 9.30E+38 1.36E+39 1.75E+39 2.09E+39 2.37E+39 2.59E+39 2.74E+39 2.83E+39 2.86E+39 2.82E+39 2.74E+39 2.62E+39 2.46E+39 2.27E+39 2.07E+39 1.86E+39 1.65E+39 1.44E+39 1.25E+39 1.06E+39 8.95E+38 7.45E+38 6.12E+38 4.97E+38 3.99E+38 3.17E+38 2.49E+38 1.93E+38 1.48E+38

