       0
       6
    8353
   12050
    3733
    2570
    2471
    2777
    3009
    3161
    2938
    2648
    2526
    2516
    2560
    2527
    2621
    2633
    2676
    2702
    2673
    2720
    2829
    3331
    3861
    4001
    4100
    3935
    3681
    3482
    3306
    3107
    3055
    2829
    2652
    2567
    2540
    2516
    2338
    2232
    2201
    2143
    2153
    2064
    2060
    2028
    2086
    2014
    1943
    1970
    1960
    1989
    1972
    2037
    2029
    2022
    2117
    2032
    2081
    1978
    1917
    1847
    1657
    1440
    1222
     948
     833
     684
     619
     512
     447
     415
     353
     361
     315
     287
     261
     335
     331
     411
     591
     916
    1479
    2434
    3787
    5934
    8536
   11171
   13606
   15461
   16403
   15476
   13982
   11278
    8792
    5988
    4005
    2309
    1354
     739
     369
     192
     115
      69
      55
      46
      44
      68
      44
      41
      51
      44
      44
      49
      43
      45
      45
      28
      33
      31
      36
      24
      15
      30
      35
      37
      33
      29
      35
      27
      30
      22
      34
      24
      24
      26
      28
      28
      21
      23
      29
      29
      21
      27
      21
      24
      13
      17
      23
      24
       7
      18
      22
      20
      22
      21
      22
      24
      24
      16
      22
      15
      15
      21
      15
      21
      14
      17
      18
      15
      15
      20
      27
      16
      13
      17
      17
      24
      14
      20
      16
      18
      17
       8
      15
      12
      10
      14
      10
      13
       8
       8
       9
       8
      13
      11
      10
      11
      13
       7
      13
      13
      14
      14
      14
       5
       7
       9
       3
       7
       4
       0
       1
       1
       3
       3
       2
       1
       0
       1
       1
       0
       0
       2
       1
       0
       2
       1
       1
       2
       2
       2
       2
       3
       1
       2
       1
       1
       0
       1
       2
       2
       4
       4
       0
       0
       1
       2
       0
       6
       0
       0
       1
       0
       2
       0
       3
       0
       1
       0
       3
       2
       2
       0
       0
       1
       2
       0
       1
       0
       2
       0
       0
       0
       3
       1
       1
       2
       2
       2
       0
       1
       0
       3
       0
       1
       1
       0
       2
       4
       0
       1
       1
       2
       2
       0
       2
       0
       2
       0
       0
       2
       1
       0
       1
       0
       0
       2
       1
       1
       1
       3
       0
       0
       2
       0
       1
       2
       1
       0
       0
       0
       1
       1
       0
       0
       0
       1
       1
       1
       2
       0
       1
       1
       0
       1
       0
       1
       0
       1
       0
       0
       0
       1
       1
       1
       0
       2
       1
       2
       1
       1
       1
       1
       0
       2
       1
       1
       3
       1
       1
       1
       1
       0
       0
       0
       0
       0
       1
       0
       0
       0
       2
       0
       0
       0
       0
       1
       0
       1
       0
       0
       0
       0
       0
       0
       0
       0
       0
       0
       0
       0
       0
       0
       0
       0
       0
       0
       0
       0
       0
       0
       0
       0
       0
       0
       0
       1
       1
       0
       0
       0
       0
       0
       0
       0
       0
       0
       0
       1
       0
       0
       1
       0
       0
       0
       0
       0
       0
       0
       0
       0
       0
       0
       0
       0
       0
       0
       0
       0
       0
       0
       0
       0
       0
       0
       0
       0
       0
       0
       1
       0
       0
       0
       0
       0
       0
       0
       0
       0
       0
       0
       0
       0
       0
       0
       0
       0
       0
       0
       0
       1
       0
       0
       0
       0
       0
       0
       0
       0
       0
       0
       0
       0
       0
       0
       0
       0
       0
       0
       0
       0
       0
       0
       2
       0
       1
       0
       0
       0
       0
       1
       0
       0
       1
       0
       0
       0
       0
       0
       2
       0
$ROI:
0
$PRESETS:
Real Time
60
0
$ENER_FIT:
0.000000 0.000000
$MCA_CAL:
3
0.000000E+000 0.000000E+000 0.000000E+000 
$SHAPE_CAL:
3
0.000000E+000 0.000000E+000 0.000000E+000

