   0.25 12.323  3.335 3.279E+00 1.457E-01 3.997E-01 5.565E-01 5.949E-01 5.338E-01 4.162E-01 2.868E-01 1.764E-01 9.738E-02
   0.50 12.323  3.335 5.118E+00 2.275E-01 6.238E-01 8.686E-01 9.285E-01 8.332E-01 6.497E-01 4.477E-01 2.753E-01 1.520E-01
   0.75 12.323  3.335 7.938E+00 3.528E-01 9.675E-01 1.347E+00 1.440E+00 1.292E+00 1.008E+00 6.944E-01 4.270E-01 2.357E-01
   1.00 12.323  3.335 1.224E+01 5.442E-01 1.492E+00 2.078E+00 2.221E+00 1.993E+00 1.554E+00 1.071E+00 6.586E-01 3.636E-01
   1.25 12.323  3.335 1.879E+01 8.354E-01 2.291E+00 3.189E+00 3.410E+00 3.060E+00 2.386E+00 1.644E+00 1.011E+00 5.582E-01
   1.50 12.323  3.335 2.873E+01 1.277E+00 3.501E+00 4.875E+00 5.212E+00 4.677E+00 3.647E+00 2.513E+00 1.545E+00 8.531E-01
   1.75 12.323  3.335 4.374E+01 1.944E+00 5.331E+00 7.423E+00 7.936E+00 7.121E+00 5.552E+00 3.826E+00 2.353E+00 1.299E+00
   2.00 12.323  3.335 6.637E+01 2.950E+00 8.089E+00 1.126E+01 1.204E+01 1.081E+01 8.425E+00 5.806E+00 3.570E+00 1.971E+00
   2.25 12.323  3.335 1.004E+02 4.463E+00 1.224E+01 1.704E+01 1.821E+01 1.635E+01 1.274E+01 8.782E+00 5.401E+00 2.982E+00
   2.50 12.323  3.335 1.514E+02 6.731E+00 1.846E+01 2.570E+01 2.747E+01 2.465E+01 1.922E+01 1.325E+01 8.146E+00 4.497E+00
   2.75 12.316  3.335 2.278E+02 1.013E+01 2.777E+01 3.866E+01 4.133E+01 3.709E+01 2.892E+01 1.993E+01 1.226E+01 6.766E+00
   3.00 12.306  3.368 3.419E+02 1.491E+01 4.095E+01 5.722E+01 6.149E+01 5.556E+01 4.369E+01 3.042E+01 1.894E+01 1.060E+01
   3.25 12.296  3.403 5.120E+02 2.187E+01 6.019E+01 8.440E+01 9.119E+01 8.299E+01 6.586E+01 4.636E+01 2.922E+01 1.659E+01
   3.50 12.286  3.437 7.650E+02 3.204E+01 8.831E+01 1.243E+02 1.350E+02 1.237E+02 9.900E+01 7.041E+01 4.493E+01 2.587E+01
   3.75 12.276  3.472 1.141E+03 4.685E+01 1.294E+02 1.826E+02 1.993E+02 1.839E+02 1.484E+02 1.066E+02 6.883E+01 4.017E+01
   4.00 12.266  3.506 1.699E+03 6.841E+01 1.892E+02 2.680E+02 2.939E+02 2.729E+02 2.220E+02 1.610E+02 1.051E+02 6.214E+01
   4.25 12.257  3.539 2.524E+03 9.976E+01 2.763E+02 3.926E+02 4.326E+02 4.041E+02 3.314E+02 2.426E+02 1.601E+02 9.578E+01
   4.50 12.247  3.573 3.746E+03 1.453E+02 4.031E+02 5.743E+02 6.357E+02 5.974E+02 4.935E+02 3.645E+02 2.430E+02 1.472E+02
   4.75 12.238  3.606 5.549E+03 2.114E+02 5.872E+02 8.391E+02 9.327E+02 8.816E+02 7.335E+02 5.464E+02 3.680E+02 2.254E+02
   5.00 12.229  3.638 8.210E+03 3.072E+02 8.545E+02 1.224E+03 1.367E+03 1.299E+03 1.088E+03 8.173E+02 5.558E+02 3.442E+02
   5.50 12.211  3.703 1.790E+04 6.467E+02 1.804E+03 2.598E+03 2.923E+03 2.807E+03 2.383E+03 1.818E+03 1.259E+03 7.961E+02
   6.00 12.194  3.767 3.883E+04 1.357E+03 3.793E+03 5.490E+03 6.221E+03 6.033E+03 5.184E+03 4.013E+03 2.827E+03 1.823E+03
   6.50 12.178  3.829 8.387E+04 2.836E+03 7.947E+03 1.156E+04 1.318E+04 1.290E+04 1.121E+04 8.802E+03 6.300E+03 4.138E+03
   7.00 12.161  3.890 1.804E+05 5.911E+03 1.660E+04 2.424E+04 2.784E+04 2.748E+04 2.414E+04 1.919E+04 1.394E+04 9.314E+03
   7.50 12.146  3.961 3.864E+05 1.222E+04 3.439E+04 5.045E+04 5.834E+04 5.813E+04 5.166E+04 4.165E+04 3.076E+04 2.093E+04
   8.00 12.131  4.057 8.102E+05 2.443E+04 6.896E+04 1.018E+05 1.188E+05 1.197E+05 1.080E+05 8.865E+04 6.685E+04 4.660E+04
   8.50 12.116  4.146 1.656E+06 4.781E+04 1.353E+05 2.008E+05 2.361E+05 2.405E+05 2.198E+05 1.832E+05 1.407E+05 1.001E+05
   9.00 12.102  4.230 3.307E+06 9.177E+04 2.604E+05 3.880E+05 4.594E+05 4.723E+05 4.365E+05 3.689E+05 2.879E+05 2.086E+05
   9.50 12.088  4.309 6.468E+06 1.730E+05 4.918E+05 7.360E+05 8.767E+05 9.087E+05 8.484E+05 7.258E+05 5.744E+05 4.231E+05
  10.00 12.075  4.384 1.241E+07 3.208E+05 9.137E+05 1.372E+06 1.644E+06 1.716E+06 1.617E+06 1.398E+06 1.121E+06 8.378E+05
  11.00 12.049  4.522 4.342E+07 1.055E+06 3.014E+06 4.555E+06 5.507E+06 5.823E+06 5.573E+06 4.912E+06 4.025E+06 3.084E+06
  12.00 12.025  4.649 1.430E+08 3.290E+06 9.425E+06 1.432E+07 1.745E+07 1.864E+07 1.808E+07 1.619E+07 1.351E+07 1.057E+07
  13.00 12.003  4.765 4.474E+08 9.797E+06 2.813E+07 4.292E+07 5.266E+07 5.677E+07 5.567E+07 5.051E+07 4.282E+07 3.412E+07
  14.00 11.981  4.874 1.337E+09 2.800E+07 8.054E+07 1.234E+08 1.522E+08 1.654E+08 1.638E+08 1.504E+08 1.292E+08 1.046E+08
  15.00 11.961  4.975 3.838E+09 7.715E+07 2.223E+08 3.417E+08 4.238E+08 4.636E+08 4.629E+08 4.293E+08 3.733E+08 3.062E+08
  16.00 11.942  5.070 1.063E+10 2.057E+08 5.935E+08 9.152E+08 1.140E+09 1.255E+09 1.262E+09 1.181E+09 1.038E+09 8.619E+08
  17.00 11.924  5.160 2.848E+10 5.323E+08 1.538E+09 2.378E+09 2.974E+09 3.291E+09 3.334E+09 3.145E+09 2.790E+09 2.341E+09
  18.00 11.907  5.246 7.412E+10 1.341E+09 3.879E+09 6.011E+09 7.546E+09 8.390E+09 8.550E+09 8.125E+09 7.269E+09 6.160E+09
  19.00 11.892  5.327 1.878E+11 3.294E+09 9.539E+09 1.482E+10 1.866E+10 2.084E+10 2.136E+10 2.043E+10 1.842E+10 1.575E+10
  20.00 11.876  5.405 4.640E+11 7.909E+09 2.293E+10 3.569E+10 4.509E+10 5.055E+10 5.206E+10 5.010E+10 4.549E+10 3.920E+10