   0.25               0.000E+00 0.000E+00 0.000E+00 0.000E+00 0.000E+00 0.000E+00 0.000E+00 0.000E+00 0.000E+00 0.000E+00
   0.50               1.450E-01 5.650E-02 5.500E-02 2.570E-02 6.700E-03 1.035E-03 9.600E-05 5.450E-06 1.910E-07 4.125E-09
   0.75               3.140E-01 6.200E-02 8.850E-02 7.750E-02 4.935E-02 2.410E-02 9.200E-03 2.780E-03 6.700E-04 1.285E-04
   1.00               4.840E-01 7.700E-02 1.170E-01 1.145E-01 8.500E-02 5.100E-02 2.480E-02 1.000E-02 3.360E-03 9.450E-04
   1.25               6.550E-01 9.300E-02 1.455E-01 1.490E-01 1.190E-01 7.800E-02 4.260E-02 1.970E-02 7.750E-03 2.590E-03
   1.50               8.950E-01 1.135E-01 1.825E-01 1.940E-01 1.635E-01 1.145E-01 6.850E-02 3.510E-02 1.555E-02 6.000E-03
   1.75               1.245E+00 1.465E-01 2.380E-01 2.580E-01 2.245E-01 1.660E-01 1.060E-01 5.900E-02 2.865E-02 1.225E-02
   2.00               1.685E+00 1.805E-01 2.985E-01 3.335E-01 3.015E-01 2.335E-01 1.575E-01 9.350E-02 4.930E-02 2.310E-02
   2.25               2.285E+00 2.235E-01 3.765E-01 4.310E-01 4.025E-01 3.240E-01 2.295E-01 1.440E-01 8.100E-02 4.080E-02
   2.50               3.090E+00 2.785E-01 4.760E-01 5.550E-01 5.350E-01 4.450E-01 3.280E-01 2.160E-01 1.285E-01 6.900E-02
   2.75               6.700E+00 5.600E-01 9.750E-01 1.170E+00 1.150E+00 9.800E-01 7.450E-01 5.050E-01 3.080E-01 1.710E-01
   3.00               8.250E+00 6.650E-01 1.165E+00 1.405E+00 1.395E+00 1.205E+00 9.250E-01 6.350E-01 3.975E-01 2.255E-01
   3.25               1.010E+01 7.950E-01 1.395E+00 1.695E+00 1.695E+00 1.480E+00 1.150E+00 8.050E-01 5.100E-01 2.955E-01
   3.50               1.240E+01 9.450E-01 1.670E+00 2.045E+00 2.065E+00 1.815E+00 1.430E+00 1.015E+00 6.550E-01 3.850E-01
   3.75               1.520E+01 1.130E+00 2.000E+00 2.465E+00 2.505E+00 2.225E+00 1.770E+00 1.270E+00 8.300E-01 4.970E-01
   4.00               1.860E+01 1.350E+00 2.395E+00 2.965E+00 3.035E+00 2.720E+00 2.180E+00 1.585E+00 1.050E+00 6.350E-01
   4.25               2.270E+01 1.605E+00 2.865E+00 3.560E+00 3.670E+00 3.310E+00 2.675E+00 1.965E+00 1.315E+00 8.100E-01
   4.50               2.755E+01 1.910E+00 3.420E+00 4.270E+00 4.425E+00 4.015E+00 3.275E+00 2.425E+00 1.645E+00 1.025E+00
   4.75               3.340E+01 2.270E+00 4.070E+00 5.100E+00 5.300E+00 4.855E+00 3.990E+00 2.980E+00 2.040E+00 1.285E+00
   5.00               4.035E+01 2.690E+00 4.830E+00 6.100E+00 6.350E+00 5.850E+00 4.840E+00 3.645E+00 2.515E+00 1.600E+00
   5.50               5.850E+01 3.750E+00 6.750E+00 8.600E+00 9.050E+00 8.400E+00 7.050E+00 5.400E+00 3.775E+00 2.445E+00
   6.00               8.350E+01 5.200E+00 9.400E+00 1.200E+01 1.275E+01 1.195E+01 1.010E+01 7.800E+00 5.550E+00 3.665E+00
   6.50               1.175E+02 7.150E+00 1.295E+01 1.660E+01 1.780E+01 1.680E+01 1.435E+01 1.125E+01 8.100E+00 5.400E+00
   7.00               1.645E+02 9.700E+00 1.770E+01 2.280E+01 2.455E+01 2.340E+01 2.015E+01 1.590E+01 1.160E+01 7.850E+00
   7.50               2.285E+02 1.315E+01 2.405E+01 3.110E+01 3.365E+01 3.230E+01 2.805E+01 2.235E+01 1.645E+01 1.125E+01
   8.00               3.145E+02 1.770E+01 3.245E+01 4.205E+01 4.580E+01 4.415E+01 3.865E+01 3.105E+01 2.310E+01 1.595E+01
   8.50               4.295E+02 2.370E+01 4.345E+01 5.650E+01 6.200E+01 6.000E+01 5.300E+01 4.275E+01 3.210E+01 2.240E+01
   9.00               5.850E+02 3.150E+01 5.800E+01 7.550E+01 8.300E+01 8.100E+01 7.150E+01 5.850E+01 4.420E+01 3.115E+01
   9.50               7.850E+02 4.165E+01 7.700E+01 1.005E+02 1.105E+02 1.085E+02 9.650E+01 7.950E+01 6.050E+01 4.295E+01
  10.00               1.050E+03 5.500E+01 1.010E+02 1.330E+02 1.470E+02 1.445E+02 1.295E+02 1.070E+02 8.200E+01 5.850E+01
  11.00               1.860E+03 9.350E+01 1.735E+02 2.285E+02 2.545E+02 2.520E+02 2.280E+02 1.905E+02 1.480E+02 1.075E+02
  12.00               3.220E+03 1.575E+02 2.920E+02 3.865E+02 4.330E+02 4.320E+02 3.940E+02 3.325E+02 2.610E+02 1.925E+02
  13.00               5.500E+03 2.605E+02 4.845E+02 6.450E+02 7.250E+02 7.300E+02 6.700E+02 5.700E+02 4.520E+02 3.365E+02
  14.00               9.200E+03 4.255E+02 7.950E+02 1.055E+03 1.195E+03 1.205E+03 1.115E+03 9.600E+02 7.700E+02 5.800E+02
  15.00               1.520E+04 6.850E+02 1.280E+03 1.710E+03 1.945E+03 1.975E+03 1.840E+03 1.590E+03 1.285E+03 9.750E+02
  16.00               2.475E+04 1.095E+03 2.045E+03 2.740E+03 3.125E+03 3.190E+03 2.985E+03 2.600E+03 2.120E+03 1.625E+03
  17.00               3.995E+04 1.725E+03 3.235E+03 4.345E+03 4.965E+03 5.100E+03 4.795E+03 4.200E+03 3.450E+03 2.670E+03
  18.00               6.350E+04 2.700E+03 5.050E+03 6.800E+03 7.800E+03 8.050E+03 7.600E+03 6.700E+03 5.550E+03 4.330E+03
  19.00               1.005E+05 4.180E+03 7.850E+03 1.060E+04 1.220E+04 1.260E+04 1.195E+04 1.060E+04 8.850E+03 6.950E+03
  20.00               1.575E+05 6.400E+03 1.205E+04 1.630E+04 1.880E+04 1.950E+04 1.865E+04 1.665E+04 1.395E+04 1.105E+04