   0.25 12.351  2.709 3.564E+00 4.535E-01 7.394E-01 7.890E-01 6.530E-01 4.422E-01 2.509E-01 1.207E-01 4.967E-02 1.755E-02
   0.50 12.351  2.709 4.567E+00 5.811E-01 9.474E-01 1.011E+00 8.368E-01 5.666E-01 3.214E-01 1.547E-01 6.365E-02 2.249E-02
   0.75 12.351  2.709 5.944E+00 7.564E-01 1.233E+00 1.316E+00 1.089E+00 7.375E-01 4.184E-01 2.014E-01 8.285E-02 2.928E-02
   1.00 12.351  2.709 7.771E+00 9.889E-01 1.612E+00 1.720E+00 1.424E+00 9.642E-01 5.470E-01 2.633E-01 1.083E-01 3.828E-02
   1.25 12.351  2.709 1.018E+01 1.296E+00 2.113E+00 2.254E+00 1.866E+00 1.264E+00 7.168E-01 3.450E-01 1.419E-01 5.016E-02
   1.50 12.343  2.709 1.336E+01 1.701E+00 2.773E+00 2.959E+00 2.449E+00 1.658E+00 9.407E-01 4.527E-01 1.863E-01 6.583E-02
   1.75 12.334  2.755 1.756E+01 2.166E+00 3.555E+00 3.836E+00 3.225E+00 2.228E+00 1.296E+00 6.420E-01 2.732E-01 1.003E-01
   2.00 12.325  2.834 2.309E+01 2.700E+00 4.481E+00 4.924E+00 4.247E+00 3.032E+00 1.835E+00 9.532E-01 4.283E-01 1.673E-01
   2.25 12.316  2.912 3.038E+01 3.378E+00 5.661E+00 6.323E+00 5.579E+00 4.101E+00 2.573E+00 1.394E+00 6.579E-01 2.716E-01
   2.50 12.307  2.987 4.000E+01 4.239E+00 7.165E+00 8.122E+00 7.315E+00 5.521E+00 3.577E+00 2.014E+00 9.929E-01 4.308E-01
   2.75 12.298  3.060 5.268E+01 5.333E+00 9.087E+00 1.044E+01 9.576E+00 7.403E+00 4.938E+00 2.878E+00 1.477E+00 6.702E-01
   3.00 12.290  3.132 6.941E+01 6.725E+00 1.154E+01 1.342E+01 1.252E+01 9.893E+00 6.776E+00 4.075E+00 2.168E+00 1.025E+00
   3.25 12.281  3.202 9.149E+01 8.499E+00 1.468E+01 1.726E+01 1.636E+01 1.318E+01 9.252E+00 5.726E+00 3.148E+00 1.546E+00
   3.50 12.273  3.270 1.206E+02 1.076E+01 1.871E+01 2.221E+01 2.135E+01 1.752E+01 1.258E+01 7.990E+00 4.529E+00 2.302E+00
   3.75 12.265  3.338 1.591E+02 1.365E+01 2.387E+01 2.861E+01 2.786E+01 2.325E+01 1.703E+01 1.108E+01 6.461E+00 3.389E+00
   4.00 12.257  3.403 2.099E+02 1.735E+01 3.049E+01 3.685E+01 3.632E+01 3.079E+01 2.298E+01 1.530E+01 9.149E+00 4.941E+00
   4.25 12.249  3.468 2.769E+02 2.209E+01 3.899E+01 4.751E+01 4.735E+01 4.071E+01 3.093E+01 2.102E+01 1.287E+01 7.143E+00
   4.50 12.241  3.531 3.654E+02 2.815E+01 4.992E+01 6.128E+01 6.171E+01 5.377E+01 4.151E+01 2.876E+01 1.801E+01 1.025E+01
   4.75 12.234  3.594 4.823E+02 3.593E+01 6.398E+01 7.907E+01 8.040E+01 7.093E+01 5.560E+01 3.921E+01 2.507E+01 1.460E+01
   5.00 12.226  3.655 6.367E+02 4.591E+01 8.207E+01 1.021E+02 1.047E+02 9.349E+01 7.432E+01 5.330E+01 3.474E+01 2.068E+01
   5.50 12.212  3.774 1.110E+03 7.524E+01 1.354E+02 1.705E+02 1.778E+02 1.620E+02 1.321E+02 9.768E+01 6.594E+01 4.085E+01
   6.00 12.197  3.890 1.936E+03 1.238E+02 2.242E+02 2.851E+02 3.017E+02 2.801E+02 2.337E+02 1.774E+02 1.235E+02 7.924E+01
   6.50 12.184  4.002 3.379E+03 2.045E+02 3.724E+02 4.778E+02 5.121E+02 4.833E+02 4.114E+02 3.199E+02 2.289E+02 1.515E+02
   7.00 12.170  4.112 5.899E+03 3.388E+02 6.200E+02 8.022E+02 8.696E+02 8.330E+02 7.220E+02 5.734E+02 4.206E+02 2.862E+02
   7.50 12.157  4.218 1.030E+04 5.630E+02 1.035E+03 1.349E+03 1.477E+03 1.434E+03 1.263E+03 1.023E+03 7.669E+02 5.351E+02
   8.00 12.145  4.303 1.789E+04 9.403E+02 1.734E+03 2.273E+03 2.508E+03 2.459E+03 2.193E+03 1.801E+03 1.373E+03 9.757E+02
   8.50 12.133  4.380 3.054E+04 1.551E+03 2.869E+03 3.777E+03 4.196E+03 4.149E+03 3.738E+03 3.107E+03 2.402E+03 1.735E+03
   9.00 12.121  4.453 5.135E+04 2.525E+03 4.682E+03 6.191E+03 6.919E+03 6.893E+03 6.268E+03 5.269E+03 4.125E+03 3.023E+03
   9.50 12.109  4.522 8.512E+04 4.062E+03 7.549E+03 1.002E+04 1.126E+04 1.129E+04 1.036E+04 8.793E+03 6.964E+03 5.170E+03
  10.00 12.098  4.589 1.393E+05 6.460E+03 1.203E+04 1.603E+04 1.810E+04 1.827E+04 1.688E+04 1.446E+04 1.158E+04 8.698E+03
  11.00 12.077  4.713 3.600E+05 1.585E+04 2.962E+04 3.971E+04 4.522E+04 4.616E+04 4.324E+04 3.765E+04 3.070E+04 2.355E+04
  12.00 12.057  4.828 8.924E+05 3.748E+04 7.028E+04 9.470E+04 1.087E+05 1.120E+05 1.061E+05 9.368E+04 7.760E+04 6.063E+04
  13.00 12.038  4.935 2.133E+06 8.580E+04 1.614E+05 2.184E+05 2.522E+05 2.621E+05 2.509E+05 2.242E+05 1.883E+05 1.494E+05
  14.00 12.020  5.035 4.934E+06 1.908E+05 3.598E+05 4.890E+05 5.679E+05 5.944E+05 5.742E+05 5.184E+05 4.407E+05 3.545E+05
  15.00 12.003  5.129 1.109E+07 4.136E+05 7.814E+05 1.066E+06 1.244E+06 1.311E+06 1.276E+06 1.163E+06 9.994E+05 8.139E+05
  16.00 11.988  5.219 2.429E+07 8.756E+05 1.657E+06 2.268E+06 2.659E+06 2.818E+06 2.763E+06 2.539E+06 2.203E+06 1.814E+06
  17.00 11.973  5.304 5.195E+07 1.814E+06 3.440E+06 4.721E+06 5.559E+06 5.921E+06 5.843E+06 5.411E+06 4.736E+06 3.939E+06
  18.00 11.958  5.384 1.087E+08 3.686E+06 7.001E+06 9.634E+06 1.138E+07 1.218E+07 1.210E+07 1.128E+07 9.950E+06 8.349E+06
  19.00 11.945  5.462 2.232E+08 7.357E+06 1.399E+07 1.930E+07 2.289E+07 2.460E+07 2.455E+07 2.303E+07 2.047E+07 1.732E+07
  20.00 11.932  5.536 4.498E+08 1.444E+07 2.750E+07 3.802E+07 4.522E+07 4.880E+07 4.894E+07 4.619E+07 4.132E+07 3.523E+07