   0.25 12.323  3.335 9.725E-02
   0.50 12.323  3.335 1.198E-01
   0.75 12.323  3.335 1.489E-01
   1.00 12.323  3.335 1.863E-01
   1.25 12.323  3.335 2.344E-01
   1.50 12.323  3.335 2.962E-01
   1.75 12.323  3.335 3.759E-01
   2.00 12.323  3.335 4.787E-01
   2.25 12.323  3.335 6.113E-01
   2.50 12.323  3.335 7.829E-01
   2.75 12.316  3.335 1.005E+00
   3.00 12.306  3.368 1.293E+00
   3.25 12.296  3.403 1.666E+00
   3.50 12.286  3.437 2.152E+00
   3.75 12.276  3.472 2.783E+00
   4.00 12.266  3.506 3.605E+00
   4.25 12.257  3.539 4.676E+00
   4.50 12.247  3.573 6.074E+00
   4.75 12.238  3.606 7.898E+00
   5.00 12.229  3.638 1.028E+01
   5.50 12.211  3.703 1.748E+01
   6.00 12.194  3.767 2.984E+01
   6.50 12.178  3.829 5.109E+01
   7.00 12.161  3.890 8.776E+01
   7.50 12.146  3.961 1.511E+02
   8.00 12.131  4.057 2.561E+02
   8.50 12.116  4.146 4.254E+02
   9.00 12.102  4.230 6.942E+02
   9.50 12.088  4.309 1.115E+03
  10.00 12.075  4.384 1.763E+03
  11.00 12.049  4.522 4.244E+03
  12.00 12.025  4.649 9.763E+03
  13.00 12.003  4.765 2.160E+04
  14.00 11.981  4.874 4.620E+04
  15.00 11.961  4.975 9.592E+04
  16.00 11.942  5.070 1.939E+05
  17.00 11.924  5.160 3.830E+05
  18.00 11.907  5.246 7.402E+05
  19.00 11.892  5.327 1.403E+06
  20.00 11.876  5.405 2.613E+06