   0.25 12.351  2.709 5.978E+00 7.608E-01 1.240E+00 1.324E+00 1.095E+00 7.418E-01 4.208E-01 2.025E-01 8.333E-02 2.945E-02
   0.50 12.351  2.709 9.765E+00 1.243E+00 2.026E+00 2.162E+00 1.789E+00 1.212E+00 6.873E-01 3.308E-01 1.361E-01 4.810E-02
   0.75 12.351  2.709 1.520E+01 1.934E+00 3.153E+00 3.365E+00 2.785E+00 1.886E+00 1.070E+00 5.149E-01 2.118E-01 7.487E-02
   1.00 12.351  2.709 2.307E+01 2.936E+00 4.787E+00 5.108E+00 4.228E+00 2.863E+00 1.624E+00 7.817E-01 3.216E-01 1.137E-01
   1.25 12.351  2.709 3.448E+01 4.387E+00 7.153E+00 7.632E+00 6.317E+00 4.278E+00 2.427E+00 1.168E+00 4.805E-01 1.698E-01
   1.50 12.343  2.709 5.093E+01 6.481E+00 1.057E+01 1.128E+01 9.333E+00 6.320E+00 3.585E+00 1.725E+00 7.099E-01 2.509E-01
   1.75 12.334  2.755 7.460E+01 9.201E+00 1.510E+01 1.630E+01 1.370E+01 9.468E+00 5.505E+00 2.728E+00 1.161E+00 4.261E-01
   2.00 12.325  2.834 1.085E+02 1.269E+01 2.106E+01 2.314E+01 1.996E+01 1.425E+01 8.624E+00 4.480E+00 2.013E+00 7.863E-01
   2.25 12.316  2.912 1.570E+02 1.746E+01 2.925E+01 3.268E+01 2.883E+01 2.120E+01 1.329E+01 7.205E+00 3.400E+00 1.403E+00
   2.50 12.307  2.987 2.261E+02 2.396E+01 4.050E+01 4.591E+01 4.135E+01 3.121E+01 2.022E+01 1.138E+01 5.613E+00 2.435E+00
   2.75 12.298  3.060 3.243E+02 3.283E+01 5.593E+01 6.425E+01 5.895E+01 4.557E+01 3.040E+01 1.772E+01 9.089E+00 4.126E+00
   3.00 12.290  3.132 4.635E+02 4.491E+01 7.708E+01 8.960E+01 8.362E+01 6.606E+01 4.525E+01 2.721E+01 1.448E+01 6.847E+00
   3.25 12.281  3.202 6.606E+02 6.136E+01 1.060E+02 1.246E+02 1.181E+02 9.518E+01 6.680E+01 4.134E+01 2.273E+01 1.116E+01
   3.50 12.273  3.270 9.388E+02 8.377E+01 1.456E+02 1.729E+02 1.662E+02 1.364E+02 9.787E+01 6.218E+01 3.525E+01 1.791E+01
   3.75 12.265  3.338 1.331E+03 1.143E+02 1.997E+02 2.394E+02 2.331E+02 1.945E+02 1.425E+02 9.274E+01 5.406E+01 2.836E+01
   4.00 12.257  3.403 1.883E+03 1.557E+02 2.736E+02 3.308E+02 3.260E+02 2.763E+02 2.062E+02 1.373E+02 8.211E+01 4.435E+01
   4.25 12.249  3.468 2.660E+03 2.121E+02 3.745E+02 4.563E+02 4.548E+02 3.911E+02 2.970E+02 2.019E+02 1.237E+02 6.861E+01
   4.50 12.241  3.531 3.749E+03 2.888E+02 5.121E+02 6.287E+02 6.331E+02 5.516E+02 4.259E+02 2.950E+02 1.848E+02 1.051E+02
   4.75 12.234  3.594 5.275E+03 3.930E+02 6.998E+02 8.650E+02 8.795E+02 7.759E+02 6.082E+02 4.289E+02 2.742E+02 1.597E+02
   5.00 12.226  3.655 7.413E+03 5.346E+02 9.556E+02 1.189E+03 1.220E+03 1.088E+03 8.653E+02 6.206E+02 4.045E+02 2.408E+02
   5.50 12.212  3.774 1.458E+04 9.880E+02 1.778E+03 2.238E+03 2.334E+03 2.127E+03 1.735E+03 1.283E+03 8.659E+02 5.364E+02
   6.00 12.197  3.890 2.852E+04 1.824E+03 3.303E+03 4.200E+03 4.444E+03 4.126E+03 3.442E+03 2.613E+03 1.820E+03 1.167E+03
   6.50 12.184  4.002 5.557E+04 3.363E+03 6.124E+03 7.859E+03 8.422E+03 7.949E+03 6.767E+03 5.262E+03 3.765E+03 2.492E+03
   7.00 12.170  4.112 1.079E+05 6.195E+03 1.134E+04 1.467E+04 1.590E+04 1.523E+04 1.320E+04 1.049E+04 7.690E+03 5.233E+03
   7.50 12.157  4.218 2.087E+05 1.140E+04 2.096E+04 2.732E+04 2.993E+04 2.905E+04 2.559E+04 2.072E+04 1.553E+04 1.084E+04
   8.00 12.145  4.303 4.000E+05 2.103E+04 3.878E+04 5.082E+04 5.609E+04 5.499E+04 4.903E+04 4.027E+04 3.069E+04 2.182E+04
   8.50 12.133  4.380 7.517E+05 3.817E+04 7.060E+04 9.297E+04 1.033E+05 1.021E+05 9.199E+04 7.648E+04 5.912E+04 4.271E+04
   9.00 12.121  4.453 1.387E+06 6.821E+04 1.265E+05 1.672E+05 1.869E+05 1.862E+05 1.693E+05 1.423E+05 1.114E+05 8.166E+04
   9.50 12.109  4.522 2.517E+06 1.201E+05 2.232E+05 2.963E+05 3.329E+05 3.340E+05 3.063E+05 2.600E+05 2.059E+05 1.529E+05
  10.00 12.098  4.589 4.498E+06 2.086E+05 3.886E+05 5.176E+05 5.845E+05 5.900E+05 5.452E+05 4.672E+05 3.739E+05 2.809E+05
  11.00 12.077  4.713 1.378E+07 6.066E+05 1.134E+06 1.520E+06 1.731E+06 1.767E+06 1.655E+06 1.441E+06 1.175E+06 9.017E+05
  12.00 12.057  4.828 4.018E+07 1.688E+06 3.165E+06 4.264E+06 4.893E+06 5.042E+06 4.779E+06 4.218E+06 3.495E+06 2.730E+06
  13.00 12.038  4.935 1.122E+08 4.515E+06 8.490E+06 1.149E+07 1.327E+07 1.379E+07 1.320E+07 1.179E+07 9.907E+06 7.861E+06
  14.00 12.020  5.035 3.016E+08 1.166E+07 2.199E+07 2.989E+07 3.471E+07 3.633E+07 3.509E+07 3.168E+07 2.694E+07 2.167E+07
  15.00 12.003  5.129 7.834E+08 2.921E+07 5.519E+07 7.528E+07 8.787E+07 9.257E+07 9.013E+07 8.213E+07 7.058E+07 5.749E+07
  16.00 11.988  5.219 1.973E+09 7.112E+07 1.346E+08 1.842E+08 2.160E+08 2.289E+08 2.244E+08 2.062E+08 1.790E+08 1.474E+08
  17.00 11.973  5.304 4.832E+09 1.688E+08 3.200E+08 4.392E+08 5.170E+08 5.507E+08 5.435E+08 5.033E+08 4.405E+08 3.663E+08
  18.00 11.958  5.384 1.154E+10 3.911E+08 7.428E+08 1.022E+09 1.208E+09 1.293E+09 1.283E+09 1.196E+09 1.056E+09 8.858E+08
  19.00 11.945  5.462 2.691E+10 8.870E+08 1.687E+09 2.327E+09 2.759E+09 2.966E+09 2.960E+09 2.777E+09 2.468E+09 2.088E+09
  20.00 11.932  5.536 6.143E+10 1.972E+09 3.756E+09 5.192E+09 6.176E+09 6.665E+09 6.684E+09 6.308E+09 5.644E+09 4.811E+09