   0.25 12.351  2.709 4.312E+00 5.487E-01 8.946E-01 9.546E-01 7.901E-01 5.350E-01 3.035E-01 1.461E-01 6.010E-02 2.124E-02
   0.50 12.351  2.709 8.173E+00 1.040E+00 1.696E+00 1.809E+00 1.498E+00 1.014E+00 5.753E-01 2.769E-01 1.139E-01 4.026E-02
   0.75 12.351  2.709 1.324E+01 1.685E+00 2.747E+00 2.931E+00 2.426E+00 1.643E+00 9.319E-01 4.485E-01 1.845E-01 6.521E-02
   1.00 12.351  2.709 2.053E+01 2.612E+00 4.259E+00 4.545E+00 3.762E+00 2.547E+00 1.445E+00 6.955E-01 2.861E-01 1.011E-01
   1.25 12.351  2.709 3.110E+01 3.957E+00 6.452E+00 6.884E+00 5.698E+00 3.859E+00 2.189E+00 1.053E+00 4.334E-01 1.532E-01
   1.50 12.343  2.709 4.639E+01 5.903E+00 9.625E+00 1.027E+01 8.501E+00 5.756E+00 3.265E+00 1.572E+00 6.466E-01 2.285E-01
   1.75 12.334  2.755 6.845E+01 8.443E+00 1.386E+01 1.495E+01 1.257E+01 8.688E+00 5.051E+00 2.503E+00 1.065E+00 3.910E-01
   2.00 12.325  2.834 1.002E+02 1.172E+01 1.944E+01 2.136E+01 1.843E+01 1.315E+01 7.961E+00 4.136E+00 1.858E+00 7.258E-01
   2.25 12.316  2.912 1.456E+02 1.619E+01 2.713E+01 3.031E+01 2.674E+01 1.966E+01 1.233E+01 6.683E+00 3.153E+00 1.302E+00
   2.50 12.307  2.987 2.106E+02 2.231E+01 3.772E+01 4.275E+01 3.851E+01 2.907E+01 1.883E+01 1.060E+01 5.227E+00 2.268E+00
   2.75 12.298  3.060 3.030E+02 3.068E+01 5.227E+01 6.004E+01 5.509E+01 4.259E+01 2.841E+01 1.656E+01 8.494E+00 3.856E+00
   3.00 12.290  3.132 4.345E+02 4.209E+01 7.225E+01 8.399E+01 7.838E+01 6.192E+01 4.242E+01 2.551E+01 1.357E+01 6.418E+00
   3.25 12.281  3.202 6.208E+02 5.767E+01 9.964E+01 1.171E+02 1.110E+02 8.945E+01 6.277E+01 3.885E+01 2.136E+01 1.049E+01
   3.50 12.273  3.270 8.844E+02 7.891E+01 1.372E+02 1.629E+02 1.566E+02 1.285E+02 9.219E+01 5.858E+01 3.320E+01 1.687E+01
   3.75 12.265  3.338 1.257E+03 1.079E+02 1.885E+02 2.259E+02 2.200E+02 1.836E+02 1.345E+02 8.755E+01 5.103E+01 2.677E+01
   4.00 12.257  3.403 1.781E+03 1.473E+02 2.588E+02 3.128E+02 3.083E+02 2.613E+02 1.951E+02 1.298E+02 7.766E+01 4.194E+01
   4.25 12.249  3.468 2.520E+03 2.010E+02 3.548E+02 4.323E+02 4.309E+02 3.705E+02 2.814E+02 1.912E+02 1.171E+02 6.500E+01
   4.50 12.241  3.531 3.557E+03 2.740E+02 4.859E+02 5.965E+02 6.007E+02 5.234E+02 4.041E+02 2.799E+02 1.753E+02 9.977E+01
   4.75 12.234  3.594 5.013E+03 3.734E+02 6.650E+02 8.219E+02 8.357E+02 7.373E+02 5.779E+02 4.076E+02 2.606E+02 1.518E+02
   5.00 12.226  3.655 7.053E+03 5.086E+02 9.092E+02 1.131E+03 1.160E+03 1.036E+03 8.233E+02 5.904E+02 3.849E+02 2.291E+02
   5.50 12.212  3.774 1.390E+04 9.422E+02 1.696E+03 2.135E+03 2.226E+03 2.029E+03 1.655E+03 1.223E+03 8.258E+02 5.115E+02
   6.00 12.197  3.890 2.726E+04 1.743E+03 3.157E+03 4.014E+03 4.247E+03 3.943E+03 3.290E+03 2.498E+03 1.739E+03 1.115E+03
   6.50 12.184  4.002 5.321E+04 3.219E+03 5.863E+03 7.524E+03 8.063E+03 7.611E+03 6.479E+03 5.037E+03 3.605E+03 2.386E+03
   7.00 12.170  4.112 1.034E+05 5.941E+03 1.087E+04 1.407E+04 1.525E+04 1.461E+04 1.266E+04 1.006E+04 7.375E+03 5.018E+03
   7.50 12.157  4.218 2.004E+05 1.095E+04 2.013E+04 2.624E+04 2.874E+04 2.790E+04 2.458E+04 1.990E+04 1.492E+04 1.041E+04
   8.00 12.145  4.303 3.846E+05 2.022E+04 3.729E+04 4.887E+04 5.394E+04 5.288E+04 4.715E+04 3.872E+04 2.951E+04 2.098E+04
   8.50 12.133  4.380 7.236E+05 3.675E+04 6.797E+04 8.950E+04 9.943E+04 9.830E+04 8.856E+04 7.363E+04 5.692E+04 4.111E+04
   9.00 12.121  4.453 1.337E+06 6.574E+04 1.219E+05 1.612E+05 1.801E+05 1.795E+05 1.632E+05 1.372E+05 1.074E+05 7.870E+04
   9.50 12.109  4.522 2.428E+06 1.159E+05 2.154E+05 2.859E+05 3.212E+05 3.222E+05 2.955E+05 2.509E+05 1.987E+05 1.475E+05
  10.00 12.098  4.589 4.344E+06 2.015E+05 3.752E+05 4.998E+05 5.644E+05 5.697E+05 5.265E+05 4.511E+05 3.610E+05 2.713E+05
  11.00 12.077  4.713 1.333E+07 5.868E+05 1.097E+06 1.470E+06 1.674E+06 1.709E+06 1.601E+06 1.394E+06 1.137E+06 8.721E+05
  12.00 12.057  4.828 3.892E+07 1.635E+06 3.065E+06 4.130E+06 4.739E+06 4.884E+06 4.629E+06 4.086E+06 3.385E+06 2.644E+06
  13.00 12.038  4.935 1.088E+08 4.378E+06 8.234E+06 1.115E+07 1.287E+07 1.337E+07 1.280E+07 1.144E+07 9.608E+06 7.624E+06
  14.00 12.020  5.035 2.928E+08 1.133E+07 2.135E+07 2.902E+07 3.370E+07 3.527E+07 3.407E+07 3.076E+07 2.615E+07 2.104E+07
  15.00 12.003  5.129 7.613E+08 2.839E+07 5.364E+07 7.316E+07 8.540E+07 8.997E+07 8.760E+07 7.982E+07 6.860E+07 5.587E+07
  16.00 11.988  5.219 1.919E+09 6.918E+07 1.310E+08 1.792E+08 2.101E+08 2.227E+08 2.183E+08 2.006E+08 1.741E+08 1.434E+08
  17.00 11.973  5.304 4.704E+09 1.643E+08 3.115E+08 4.276E+08 5.034E+08 5.362E+08 5.291E+08 4.900E+08 4.289E+08 3.567E+08
  18.00 11.958  5.384 1.124E+10 3.811E+08 7.237E+08 9.959E+08 1.177E+09 1.260E+09 1.250E+09 1.166E+09 1.029E+09 8.631E+08
  19.00 11.945  5.462 2.624E+10 8.649E+08 1.645E+09 2.269E+09 2.690E+09 2.892E+09 2.886E+09 2.708E+09 2.407E+09 2.036E+09
  20.00 11.932  5.536 5.993E+10 1.924E+09 3.664E+09 5.066E+09 6.025E+09 6.503E+09 6.522E+09 6.154E+09 5.506E+09 4.694E+09