0.25 12.323  3.335 5.000E-31
0.50 12.323  3.335 5.000E-31
0.75 12.323  3.335 5.000E-31
1.00 12.323  3.335 5.000E-31
1.25 12.323  3.335 1.732E+00
1.50 12.323  3.335 2.920E+00
1.75 12.323  3.335 4.692E+00
2.00 12.323  3.335 7.354E+00
2.25 12.323  3.335 1.134E+01
2.50 12.323  3.335 1.730E+01
2.75 12.316  3.335 2.616E+01
3.00 12.306  3.368 3.929E+01
3.25 12.296  3.403 5.869E+01
3.50 12.286  3.437 8.725E+01
3.75 12.276  3.472 1.292E+02
4.00 12.266  3.506 1.906E+02
4.25 12.257  3.539 2.805E+02
4.50 12.247  3.573 4.116E+02
4.75 12.238  3.606 6.025E+02
5.00 12.229  3.638 8.800E+02
5.50 12.211  3.703 1.867E+03
6.00 12.194  3.767 3.935E+03
6.50 12.178  3.829 8.246E+03
7.00 12.161  3.890 1.720E+04
7.50 12.146  3.961 3.569E+04
8.00 12.131  4.057 7.249E+04
8.50 12.116  4.146 1.435E+05
9.00 12.102  4.230 2.775E+05
9.50 12.088  4.309 5.255E+05
10.00 12.075  4.384 9.763E+05
11.00 12.049  4.522 3.203E+06
12.00 12.025  4.649 9.905E+06
13.00 12.003  4.765 2.910E+07
14.00 11.981  4.874 8.176E+07
15.00 11.961  4.975 2.208E+08
16.00 11.942  5.070 5.759E+08
17.00 11.924  5.160 1.455E+09
18.00 11.907  5.246 3.573E+09
19.00 11.892  5.327 8.548E+09
20.00 11.876  5.405 1.997E+10