   0.25 12.323  3.335 7.276E-01 3.234E-02 8.868E-02 1.235E-01 1.320E-01 1.185E-01 9.236E-02 6.365E-02 3.914E-02 2.161E-02
   0.50 12.323  3.335 1.086E+00 4.828E-02 1.324E-01 1.843E-01 1.971E-01 1.768E-01 1.379E-01 9.502E-02 5.843E-02 3.226E-02
   0.75 12.323  3.335 1.611E+00 7.159E-02 1.963E-01 2.733E-01 2.922E-01 2.622E-01 2.045E-01 1.409E-01 8.664E-02 4.783E-02
   1.00 12.323  3.335 2.375E+00 1.056E-01 2.895E-01 4.031E-01 4.309E-01 3.867E-01 3.015E-01 2.078E-01 1.278E-01 7.054E-02
   1.25 12.323  3.335 3.487E+00 1.550E-01 4.250E-01 5.918E-01 6.327E-01 5.677E-01 4.427E-01 3.050E-01 1.876E-01 1.036E-01
   1.50 12.323  3.335 5.101E+00 2.267E-01 6.217E-01 8.656E-01 9.254E-01 8.304E-01 6.475E-01 4.462E-01 2.744E-01 1.515E-01
   1.75 12.323  3.335 7.438E+00 3.306E-01 9.065E-01 1.262E+00 1.349E+00 1.211E+00 9.441E-01 6.506E-01 4.001E-01 2.209E-01
   2.00 12.323  3.335 1.081E+01 4.807E-01 1.318E+00 1.835E+00 1.962E+00 1.761E+00 1.373E+00 9.460E-01 5.818E-01 3.212E-01
   2.25 12.323  3.335 1.569E+01 6.973E-01 1.912E+00 2.662E+00 2.846E+00 2.554E+00 1.991E+00 1.372E+00 8.439E-01 4.659E-01
   2.50 12.323  3.335 2.271E+01 1.009E+00 2.768E+00 3.854E+00 4.120E+00 3.697E+00 2.883E+00 1.986E+00 1.222E+00 6.744E-01
   2.75 12.316  3.335 3.281E+01 1.458E+00 3.998E+00 5.567E+00 5.952E+00 5.341E+00 4.164E+00 2.870E+00 1.765E+00 9.743E-01
   3.00 12.306  3.368 4.731E+01 2.063E+00 5.667E+00 7.918E+00 8.509E+00 7.688E+00 6.046E+00 4.210E+00 2.620E+00 1.467E+00
   3.25 12.296  3.403 6.813E+01 2.911E+00 8.010E+00 1.123E+01 1.214E+01 1.104E+01 8.765E+00 6.169E+00 3.889E+00 2.208E+00
   3.50 12.286  3.437 9.797E+01 4.102E+00 1.131E+01 1.591E+01 1.728E+01 1.584E+01 1.268E+01 9.017E+00 5.753E+00 3.313E+00
   3.75 12.276  3.472 1.407E+02 5.776E+00 1.595E+01 2.252E+01 2.458E+01 2.268E+01 1.830E+01 1.315E+01 8.487E+00 4.953E+00
   4.00 12.266  3.506 2.018E+02 8.127E+00 2.248E+01 3.183E+01 3.491E+01 3.242E+01 2.638E+01 1.913E+01 1.249E+01 7.382E+00
   4.25 12.257  3.539 2.891E+02 1.143E+01 3.165E+01 4.496E+01 4.954E+01 4.628E+01 3.795E+01 2.778E+01 1.833E+01 1.097E+01
   4.50 12.247  3.573 4.138E+02 1.605E+01 4.452E+01 6.344E+01 7.022E+01 6.599E+01 5.451E+01 4.026E+01 2.685E+01 1.626E+01
   4.75 12.238  3.606 5.916E+02 2.254E+01 6.260E+01 8.946E+01 9.943E+01 9.399E+01 7.820E+01 5.825E+01 3.923E+01 2.403E+01
   5.00 12.229  3.638 8.452E+02 3.162E+01 8.796E+01 1.260E+02 1.407E+02 1.337E+02 1.120E+02 8.414E+01 5.721E+01 3.543E+01
   5.50 12.211  3.703 1.720E+03 6.216E+01 1.734E+02 2.497E+02 2.809E+02 2.698E+02 2.290E+02 1.747E+02 1.210E+02 7.652E+01
   6.00 12.194  3.767 3.491E+03 1.220E+02 3.410E+02 4.936E+02 5.594E+02 5.425E+02 4.661E+02 3.609E+02 2.542E+02 1.639E+02
   6.50 12.178  3.829 7.067E+03 2.390E+02 6.696E+02 9.737E+02 1.111E+03 1.087E+03 9.449E+02 7.416E+02 5.309E+02 3.486E+02
   7.00 12.161  3.890 1.427E+04 4.675E+02 1.313E+03 1.917E+03 2.201E+03 2.173E+03 1.909E+03 1.517E+03 1.103E+03 7.366E+02
   7.50 12.146  3.961 2.872E+04 9.081E+02 2.556E+03 3.750E+03 4.337E+03 4.321E+03 3.840E+03 3.096E+03 2.286E+03 1.556E+03
   8.00 12.131  4.057 5.669E+04 1.709E+03 4.826E+03 7.122E+03 8.310E+03 8.379E+03 7.558E+03 6.203E+03 4.678E+03 3.261E+03
   8.50 12.116  4.146 1.092E+05 3.153E+03 8.926E+03 1.324E+04 1.557E+04 1.586E+04 1.450E+04 1.208E+04 9.279E+03 6.603E+03
   9.00 12.102  4.230 2.058E+05 5.712E+03 1.620E+04 2.415E+04 2.859E+04 2.940E+04 2.717E+04 2.296E+04 1.792E+04 1.298E+04
   9.50 12.088  4.309 3.803E+05 1.017E+04 2.892E+04 4.328E+04 5.155E+04 5.343E+04 4.989E+04 4.268E+04 3.378E+04 2.488E+04
  10.00 12.075  4.384 6.903E+05 1.784E+04 5.082E+04 7.633E+04 9.141E+04 9.544E+04 8.993E+04 7.777E+04 6.234E+04 4.659E+04
  11.00 12.049  4.522 2.167E+06 5.265E+04 1.504E+05 2.273E+05 2.749E+05 2.906E+05 2.781E+05 2.451E+05 2.009E+05 1.539E+05
  12.00 12.025  4.649 6.429E+06 1.479E+05 4.236E+05 6.437E+05 7.843E+05 8.380E+05 8.127E+05 7.276E+05 6.072E+05 4.752E+05
  13.00 12.003  4.765 1.817E+07 3.980E+05 1.143E+06 1.744E+06 2.139E+06 2.306E+06 2.261E+06 2.052E+06 1.740E+06 1.386E+06
  14.00 11.981  4.874 4.924E+07 1.031E+06 2.966E+06 4.544E+06 5.606E+06 6.091E+06 6.031E+06 5.537E+06 4.758E+06 3.850E+06
  15.00 11.961  4.975 1.285E+08 2.583E+06 7.441E+06 1.144E+07 1.419E+07 1.552E+07 1.550E+07 1.437E+07 1.250E+07 1.025E+07
  16.00 11.942  5.070 3.242E+08 6.275E+06 1.811E+07 2.792E+07 3.478E+07 3.828E+07 3.851E+07 3.604E+07 3.167E+07 2.630E+07
  17.00 11.924  5.160 7.939E+08 1.484E+07 4.287E+07 6.628E+07 8.290E+07 9.172E+07 9.291E+07 8.765E+07 7.776E+07 6.526E+07
  18.00 11.907  5.246 1.892E+09 3.421E+07 9.898E+07 1.534E+08 1.926E+08 2.141E+08 2.182E+08 2.074E+08 1.855E+08 1.572E+08
  19.00 11.892  5.327 4.396E+09 7.712E+07 2.234E+08 3.469E+08 4.370E+08 4.880E+08 5.000E+08 4.783E+08 4.313E+08 3.687E+08
  20.00 11.876  5.405 9.988E+09 1.702E+08 4.935E+08 7.681E+08 9.704E+08 1.088E+09 1.121E+09 1.078E+09 9.791E+08 8.438E+08
