   0.25  7.265  2.202 1.461E+00 1.469E-01 3.585E-01 3.956E-01 2.983E-01 1.681E-01 7.324E-02 2.511E-02 6.839E-03 1.489E-03
   0.50  7.265  2.202 1.713E+00 1.721E-01 4.201E-01 4.635E-01 3.495E-01 1.969E-01 8.583E-02 2.943E-02 8.015E-03 1.744E-03
   0.75  7.265  2.202 2.007E+00 2.017E-01 4.923E-01 5.432E-01 4.096E-01 2.308E-01 1.006E-01 3.448E-02 9.392E-03 2.044E-03
   1.00  7.265  2.202 2.352E+00 2.364E-01 5.770E-01 6.366E-01 4.800E-01 2.705E-01 1.179E-01 4.041E-02 1.101E-02 2.396E-03
   1.25  7.265  2.202 2.756E+00 2.770E-01 6.761E-01 7.460E-01 5.625E-01 3.169E-01 1.381E-01 4.736E-02 1.290E-02 2.807E-03
   1.50  7.265  2.202 3.230E+00 3.246E-01 7.923E-01 8.742E-01 6.592E-01 3.714E-01 1.619E-01 5.550E-02 1.511E-02 3.290E-03
   1.75  7.265  2.202 3.785E+00 3.804E-01 9.285E-01 1.024E+00 7.725E-01 4.353E-01 1.897E-01 6.503E-02 1.771E-02 3.855E-03
   2.00  7.265  2.202 4.436E+00 4.458E-01 1.088E+00 1.201E+00 9.053E-01 5.101E-01 2.223E-01 7.621E-02 2.076E-02 4.518E-03
   2.25  7.265  2.202 5.198E+00 5.224E-01 1.275E+00 1.407E+00 1.061E+00 5.977E-01 2.605E-01 8.931E-02 2.432E-02 5.294E-03
   2.50  7.265  2.202 6.091E+00 6.122E-01 1.494E+00 1.649E+00 1.243E+00 7.005E-01 3.053E-01 1.047E-01 2.850E-02 6.204E-03
   2.75  7.265  2.202 7.138E+00 7.174E-01 1.751E+00 1.932E+00 1.457E+00 8.208E-01 3.577E-01 1.226E-01 3.340E-02 7.270E-03
   3.00  7.265  2.202 8.365E+00 8.407E-01 2.052E+00 2.264E+00 1.707E+00 9.619E-01 4.192E-01 1.437E-01 3.914E-02 8.520E-03
   3.25  7.265  2.202 9.803E+00 9.852E-01 2.405E+00 2.653E+00 2.001E+00 1.127E+00 4.913E-01 1.684E-01 4.587E-02 9.984E-03
   3.50  7.265  2.220 1.149E+01 1.136E+00 2.782E+00 3.091E+00 2.354E+00 1.344E+00 5.959E-01 2.085E-01 5.813E-02 1.300E-02
   3.75  7.259  2.249 1.346E+01 1.298E+00 3.197E+00 3.587E+00 2.775E+00 1.618E+00 7.356E-01 2.654E-01 7.672E-02 1.787E-02
   4.00  7.252  2.277 1.578E+01 1.485E+00 3.674E+00 4.163E+00 3.268E+00 1.943E+00 9.052E-01 3.363E-01 1.006E-01 2.437E-02
   4.25  7.246  2.305 1.849E+01 1.699E+00 4.223E+00 4.831E+00 3.845E+00 2.329E+00 1.111E+00 4.243E-01 1.311E-01 3.297E-02
   4.50  7.240  2.333 2.166E+01 1.946E+00 4.857E+00 5.605E+00 4.521E+00 2.787E+00 1.359E+00 5.331E-01 1.699E-01 4.427E-02
   4.75  7.233  2.360 2.539E+01 2.229E+00 5.587E+00 6.502E+00 5.312E+00 3.330E+00 1.658E+00 6.674E-01 2.191E-01 5.904E-02
   5.00  7.227  2.387 2.975E+01 2.554E+00 6.429E+00 7.543E+00 6.237E+00 3.974E+00 2.019E+00 8.325E-01 2.812E-01 7.825E-02
   5.50  7.215  2.440 4.086E+01 3.360E+00 8.522E+00 1.015E+01 8.585E+00 5.638E+00 2.975E+00 1.283E+00 4.569E-01 1.351E-01
   6.00  7.204  2.492 5.611E+01 4.428E+00 1.131E+01 1.366E+01 1.179E+01 7.962E+00 4.350E+00 1.956E+00 7.310E-01 2.284E-01
   6.50  7.193  2.543 7.705E+01 5.845E+00 1.502E+01 1.837E+01 1.617E+01 1.120E+01 6.318E+00 2.952E+00 1.154E+00 3.793E-01
   7.00  7.183  2.593 1.058E+02 7.726E+00 1.997E+01 2.472E+01 2.215E+01 1.571E+01 9.123E+00 4.416E+00 1.798E+00 6.199E-01
   7.50  7.173  2.642 1.453E+02 1.023E+01 2.659E+01 3.327E+01 3.030E+01 2.196E+01 1.311E+01 6.556E+00 2.774E+00 9.989E-01
   8.00  7.163  2.690 1.995E+02 1.356E+01 3.542E+01 4.477E+01 4.140E+01 3.062E+01 1.875E+01 9.667E+00 4.238E+00 1.589E+00
   8.50  7.153  2.737 2.740E+02 1.799E+01 4.723E+01 6.027E+01 5.653E+01 4.260E+01 2.671E+01 1.417E+01 6.420E+00 2.501E+00
   9.00  7.144  2.783 3.763E+02 2.390E+01 6.303E+01 8.114E+01 7.712E+01 5.916E+01 3.792E+01 2.065E+01 9.652E+00 3.894E+00
   9.50  7.136  2.829 5.168E+02 3.179E+01 8.417E+01 1.093E+02 1.051E+02 8.200E+01 5.365E+01 2.996E+01 1.441E+01 6.010E+00
  10.00  7.127  2.874 7.097E+02 4.233E+01 1.125E+02 1.472E+02 1.433E+02 1.135E+02 7.571E+01 4.326E+01 2.139E+01 9.200E+00
  11.00  7.112  2.961 1.338E+03 7.523E+01 2.014E+02 2.672E+02 2.657E+02 2.165E+02 1.496E+02 8.921E+01 4.633E+01 2.109E+01
  12.00  7.097  3.047 2.524E+03 1.341E+02 3.613E+02 4.855E+02 4.920E+02 4.111E+02 2.932E+02 1.815E+02 9.854E+01 4.717E+01
  13.00  7.083  3.130 4.760E+03 2.399E+02 6.499E+02 8.831E+02 9.102E+02 7.779E+02 5.706E+02 3.655E+02 2.064E+02 1.033E+02
  14.00  7.071  3.210 8.977E+03 4.303E+02 1.171E+03 1.608E+03 1.683E+03 1.468E+03 1.104E+03 7.291E+02 4.266E+02 2.224E+02
  15.00  7.059  3.289 1.693E+04 7.735E+02 2.116E+03 2.931E+03 3.109E+03 2.762E+03 2.127E+03 1.443E+03 8.720E+02 4.718E+02
  16.00  7.048  3.359 3.174E+04 1.391E+03 3.818E+03 5.330E+03 5.720E+03 5.160E+03 4.049E+03 2.812E+03 1.745E+03 9.733E+02
  17.00  7.038  3.424 5.831E+04 2.461E+03 6.779E+03 9.526E+03 1.032E+04 9.437E+03 7.529E+03 5.333E+03 3.386E+03 1.939E+03
  18.00  7.028  3.484 1.051E+05 4.286E+03 1.184E+04 1.674E+04 1.830E+04 1.693E+04 1.370E+04 9.880E+03 6.405E+03 3.755E+03
  19.00  7.019  3.542 1.864E+05 7.355E+03 2.038E+04 2.895E+04 3.191E+04 2.983E+04 2.447E+04 1.793E+04 1.184E+04 7.092E+03
  20.00  7.011  3.597 3.253E+05 1.245E+04 3.458E+04 4.938E+04 5.482E+04 5.174E+04 4.296E+04 3.193E+04 2.145E+04 1.310E+04