   0.25 12.351  2.709 3.425E+00 4.358E-01 7.105E-01 7.582E-01 6.275E-01 4.249E-01 2.411E-01 1.160E-01 4.773E-02 1.687E-02
   0.50 12.351  2.709 4.043E+00 5.145E-01 8.389E-01 8.951E-01 7.409E-01 5.017E-01 2.846E-01 1.370E-01 5.635E-02 1.992E-02
   0.75 12.351  2.709 5.028E+00 6.398E-01 1.043E+00 1.113E+00 9.213E-01 6.238E-01 3.539E-01 1.703E-01 7.007E-02 2.476E-02
   1.00 12.351  2.709 6.342E+00 8.071E-01 1.316E+00 1.404E+00 1.162E+00 7.870E-01 4.464E-01 2.149E-01 8.840E-02 3.124E-02
   1.25 12.351  2.709 8.063E+00 1.026E+00 1.673E+00 1.785E+00 1.477E+00 1.000E+00 5.676E-01 2.732E-01 1.124E-01 3.972E-02
   1.50 12.343  2.709 1.030E+01 1.311E+00 2.137E+00 2.281E+00 1.888E+00 1.278E+00 7.252E-01 3.490E-01 1.436E-01 5.075E-02
   1.75 12.334  2.755 1.321E+01 1.629E+00 2.675E+00 2.886E+00 2.427E+00 1.677E+00 9.749E-01 4.831E-01 2.055E-01 7.546E-02
   2.00 12.325  2.834 1.699E+01 1.987E+00 3.297E+00 3.623E+00 3.125E+00 2.231E+00 1.350E+00 7.013E-01 3.151E-01 1.231E-01
   2.25 12.316  2.912 2.189E+01 2.434E+00 4.079E+00 4.556E+00 4.020E+00 2.955E+00 1.854E+00 1.005E+00 4.740E-01 1.957E-01
   2.50 12.307  2.987 2.826E+01 2.995E+00 5.063E+00 5.739E+00 5.169E+00 3.901E+00 2.527E+00 1.423E+00 7.016E-01 3.044E-01
   2.75 12.298  3.060 3.654E+01 3.699E+00 6.303E+00 7.239E+00 6.642E+00 5.135E+00 3.425E+00 1.996E+00 1.024E+00 4.649E-01
   3.00 12.290  3.132 4.730E+01 4.583E+00 7.866E+00 9.144E+00 8.533E+00 6.742E+00 4.618E+00 2.777E+00 1.477E+00 6.988E-01
   3.25 12.281  3.202 6.131E+01 5.695E+00 9.840E+00 1.157E+01 1.096E+01 8.834E+00 6.199E+00 3.837E+00 2.110E+00 1.036E+00
   3.50 12.273  3.270 7.953E+01 7.096E+00 1.234E+01 1.465E+01 1.408E+01 1.155E+01 8.291E+00 5.268E+00 2.986E+00 1.517E+00
   3.75 12.265  3.338 1.033E+02 8.863E+00 1.549E+01 1.857E+01 1.808E+01 1.509E+01 1.105E+01 7.195E+00 4.194E+00 2.200E+00
   4.00 12.257  3.403 1.342E+02 1.110E+01 1.950E+01 2.357E+01 2.323E+01 1.969E+01 1.469E+01 9.781E+00 5.850E+00 3.160E+00
   4.25 12.249  3.468 1.745E+02 1.392E+01 2.457E+01 2.994E+01 2.984E+01 2.566E+01 1.949E+01 1.324E+01 8.113E+00 4.502E+00
   4.50 12.241  3.531 2.270E+02 1.749E+01 3.102E+01 3.808E+01 3.834E+01 3.341E+01 2.579E+01 1.787E+01 1.119E+01 6.368E+00
   4.75 12.234  3.594 2.956E+02 2.202E+01 3.921E+01 4.847E+01 4.928E+01 4.348E+01 3.408E+01 2.403E+01 1.537E+01 8.951E+00
   5.00 12.226  3.655 3.851E+02 2.777E+01 4.964E+01 6.175E+01 6.335E+01 5.654E+01 4.495E+01 3.224E+01 2.101E+01 1.251E+01
   5.50 12.212  3.774 6.543E+02 4.435E+01 7.984E+01 1.005E+02 1.048E+02 9.550E+01 7.790E+01 5.758E+01 3.887E+01 2.408E+01
   6.00 12.197  3.890 1.114E+03 7.122E+01 1.290E+02 1.640E+02 1.735E+02 1.611E+02 1.344E+02 1.021E+02 7.106E+01 4.558E+01
   6.50 12.184  4.002 1.899E+03 1.149E+02 2.092E+02 2.685E+02 2.878E+02 2.716E+02 2.312E+02 1.798E+02 1.286E+02 8.513E+01
   7.00 12.170  4.112 3.241E+03 1.861E+02 3.407E+02 4.408E+02 4.778E+02 4.577E+02 3.967E+02 3.151E+02 2.311E+02 1.572E+02
   7.50 12.157  4.218 5.539E+03 3.027E+02 5.564E+02 7.252E+02 7.943E+02 7.710E+02 6.792E+02 5.499E+02 4.123E+02 2.877E+02
   8.00 12.145  4.303 9.417E+03 4.950E+02 9.130E+02 1.197E+03 1.321E+03 1.295E+03 1.154E+03 9.481E+02 7.227E+02 5.137E+02
   8.50 12.133  4.380 1.576E+04 8.002E+02 1.480E+03 1.949E+03 2.165E+03 2.140E+03 1.928E+03 1.603E+03 1.239E+03 8.952E+02
   9.00 12.121  4.453 2.597E+04 1.277E+03 2.369E+03 3.132E+03 3.500E+03 3.487E+03 3.171E+03 2.665E+03 2.087E+03 1.529E+03
   9.50 12.109  4.522 4.224E+04 2.016E+03 3.746E+03 4.973E+03 5.587E+03 5.605E+03 5.140E+03 4.364E+03 3.456E+03 2.566E+03
  10.00 12.098  4.589 6.784E+04 3.147E+03 5.860E+03 7.806E+03 8.815E+03 8.898E+03 8.223E+03 7.045E+03 5.639E+03 4.237E+03
  11.00 12.077  4.713 1.692E+05 7.447E+03 1.392E+04 1.866E+04 2.125E+04 2.169E+04 2.032E+04 1.769E+04 1.443E+04 1.107E+04
  12.00 12.057  4.828 4.053E+05 1.702E+04 3.192E+04 4.300E+04 4.934E+04 5.085E+04 4.819E+04 4.254E+04 3.524E+04 2.753E+04
  13.00 12.038  4.935 9.372E+05 3.771E+04 7.091E+04 9.598E+04 1.108E+05 1.152E+05 1.103E+05 9.851E+04 8.274E+04 6.566E+04
  14.00 12.020  5.035 2.101E+06 8.126E+04 1.532E+05 2.082E+05 2.418E+05 2.531E+05 2.445E+05 2.207E+05 1.876E+05 1.510E+05
  15.00 12.003  5.129 4.581E+06 1.708E+05 3.227E+05 4.402E+05 5.139E+05 5.413E+05 5.271E+05 4.803E+05 4.128E+05 3.362E+05
  16.00 11.988  5.219 9.741E+06 3.512E+05 6.647E+05 9.096E+05 1.067E+06 1.130E+06 1.108E+06 1.018E+06 8.837E+05 7.276E+05
  17.00 11.973  5.304 2.025E+07 7.072E+05 1.341E+06 1.840E+06 2.167E+06 2.308E+06 2.278E+06 2.109E+06 1.846E+06 1.535E+06
  18.00 11.958  5.384 4.123E+07 1.398E+06 2.655E+06 3.653E+06 4.317E+06 4.620E+06 4.586E+06 4.276E+06 3.773E+06 3.166E+06
  19.00 11.945  5.462 8.237E+07 2.715E+06 5.164E+06 7.124E+06 8.447E+06 9.080E+06 9.061E+06 8.502E+06 7.556E+06 6.393E+06
  20.00 11.932  5.536 1.617E+08 5.192E+06 9.887E+06 1.367E+07 1.626E+07 1.755E+07 1.760E+07 1.661E+07 1.486E+07 1.267E+07