   0.25 12.351  2.709 1.109E+01 1.411E+00 2.301E+00 2.456E+00 2.032E+00 1.376E+00 7.807E-01 3.758E-01 1.546E-01 5.464E-02
   0.50 12.351  2.709 1.639E+01 2.085E+00 3.400E+00 3.628E+00 3.003E+00 2.033E+00 1.153E+00 5.551E-01 2.284E-01 8.071E-02
   0.75 12.351  2.709 2.400E+01 3.054E+00 4.979E+00 5.313E+00 4.398E+00 2.978E+00 1.689E+00 8.131E-01 3.345E-01 1.182E-01
   1.00 12.351  2.709 3.491E+01 4.443E+00 7.244E+00 7.730E+00 6.398E+00 4.332E+00 2.458E+00 1.183E+00 4.866E-01 1.720E-01
   1.25 12.351  2.709 5.051E+01 6.428E+00 1.048E+01 1.118E+01 9.256E+00 6.268E+00 3.555E+00 1.711E+00 7.040E-01 2.488E-01
   1.50 12.343  2.709 7.274E+01 9.256E+00 1.509E+01 1.610E+01 1.333E+01 9.025E+00 5.120E+00 2.464E+00 1.014E+00 3.583E-01
   1.75 12.334  2.755 1.043E+02 1.287E+01 2.112E+01 2.279E+01 1.916E+01 1.324E+01 7.699E+00 3.815E+00 1.623E+00 5.959E-01
   2.00 12.325  2.834 1.491E+02 1.744E+01 2.894E+01 3.180E+01 2.743E+01 1.958E+01 1.185E+01 6.157E+00 2.767E+00 1.080E+00
   2.25 12.316  2.912 2.125E+02 2.363E+01 3.960E+01 4.423E+01 3.903E+01 2.869E+01 1.800E+01 9.753E+00 4.602E+00 1.900E+00
   2.50 12.307  2.987 3.021E+02 3.201E+01 5.411E+01 6.133E+01 5.524E+01 4.170E+01 2.701E+01 1.521E+01 7.499E+00 3.254E+00
   2.75 12.298  3.060 4.283E+02 4.335E+01 7.387E+01 8.485E+01 7.785E+01 6.019E+01 4.015E+01 2.340E+01 1.200E+01 5.449E+00
   3.00 12.290  3.132 6.059E+02 5.871E+01 1.008E+02 1.171E+02 1.093E+02 8.636E+01 5.916E+01 3.558E+01 1.893E+01 8.951E+00
   3.25 12.281  3.202 8.556E+02 7.949E+01 1.373E+02 1.614E+02 1.530E+02 1.233E+02 8.652E+01 5.355E+01 2.945E+01 1.446E+01
   3.50 12.273  3.270 1.206E+03 1.076E+02 1.871E+02 2.221E+02 2.135E+02 1.752E+02 1.257E+02 7.989E+01 4.528E+01 2.301E+01
   3.75 12.265  3.338 1.697E+03 1.457E+02 2.546E+02 3.052E+02 2.972E+02 2.480E+02 1.817E+02 1.183E+02 6.893E+01 3.615E+01
   4.00 12.257  3.403 2.385E+03 1.972E+02 3.465E+02 4.188E+02 4.128E+02 3.499E+02 2.612E+02 1.738E+02 1.040E+02 5.615E+01
   4.25 12.249  3.468 3.346E+03 2.669E+02 4.712E+02 5.742E+02 5.723E+02 4.921E+02 3.738E+02 2.540E+02 1.556E+02 8.633E+01
   4.50 12.241  3.531 4.689E+03 3.613E+02 6.407E+02 7.864E+02 7.919E+02 6.901E+02 5.328E+02 3.691E+02 2.312E+02 1.315E+02
   4.75 12.234  3.594 6.564E+03 4.890E+02 8.707E+02 1.076E+03 1.094E+03 9.653E+02 7.567E+02 5.336E+02 3.412E+02 1.988E+02
   5.00 12.226  3.655 9.176E+03 6.617E+02 1.183E+03 1.471E+03 1.510E+03 1.347E+03 1.071E+03 7.682E+02 5.007E+02 2.981E+02
   5.50 12.212  3.774 1.788E+04 1.212E+03 2.182E+03 2.746E+03 2.863E+03 2.610E+03 2.128E+03 1.573E+03 1.062E+03 6.579E+02
   6.00 12.197  3.890 3.471E+04 2.219E+03 4.019E+03 5.111E+03 5.407E+03 5.020E+03 4.189E+03 3.180E+03 2.214E+03 1.420E+03
   6.50 12.184  4.002 6.714E+04 4.063E+03 7.399E+03 9.495E+03 1.018E+04 9.604E+03 8.176E+03 6.357E+03 4.549E+03 3.010E+03
   7.00 12.170  4.112 1.295E+05 7.437E+03 1.361E+04 1.761E+04 1.909E+04 1.828E+04 1.585E+04 1.259E+04 9.232E+03 6.282E+03
   7.50 12.157  4.218 2.491E+05 1.361E+04 2.502E+04 3.261E+04 3.572E+04 3.467E+04 3.054E+04 2.473E+04 1.854E+04 1.294E+04
   8.00 12.145  4.303 4.749E+05 2.496E+04 4.604E+04 6.034E+04 6.659E+04 6.528E+04 5.821E+04 4.781E+04 3.644E+04 2.590E+04
   8.50 12.133  4.380 8.880E+05 4.510E+04 8.341E+04 1.098E+05 1.220E+05 1.206E+05 1.087E+05 9.036E+04 6.985E+04 5.045E+04
   9.00 12.121  4.453 1.631E+06 8.023E+04 1.488E+05 1.967E+05 2.198E+05 2.190E+05 1.992E+05 1.674E+05 1.311E+05 9.604E+04
   9.50 12.109  4.522 2.949E+06 1.407E+05 2.615E+05 3.471E+05 3.900E+05 3.912E+05 3.588E+05 3.046E+05 2.412E+05 1.791E+05
  10.00 12.098  4.589 5.249E+06 2.435E+05 4.534E+05 6.040E+05 6.820E+05 6.885E+05 6.362E+05 5.451E+05 4.363E+05 3.278E+05
  11.00 12.077  4.713 1.597E+07 7.030E+05 1.314E+06 1.762E+06 2.006E+06 2.048E+06 1.918E+06 1.670E+06 1.362E+06 1.045E+06
  12.00 12.057  4.828 4.629E+07 1.944E+06 3.646E+06 4.912E+06 5.636E+06 5.808E+06 5.505E+06 4.859E+06 4.025E+06 3.145E+06
  13.00 12.038  4.935 1.286E+08 5.173E+06 9.728E+06 1.317E+07 1.521E+07 1.580E+07 1.513E+07 1.351E+07 1.135E+07 9.007E+06
  14.00 12.020  5.035 3.439E+08 1.330E+07 2.508E+07 3.408E+07 3.958E+07 4.143E+07 4.002E+07 3.613E+07 3.072E+07 2.471E+07
  15.00 12.003  5.129 8.894E+08 3.317E+07 6.266E+07 8.547E+07 9.977E+07 1.051E+08 1.023E+08 9.326E+07 8.014E+07 6.527E+07
  16.00 11.988  5.219 2.231E+09 8.044E+07 1.523E+08 2.084E+08 2.443E+08 2.589E+08 2.538E+08 2.333E+08 2.024E+08 1.667E+08
  17.00 11.973  5.304 5.445E+09 1.902E+08 3.606E+08 4.949E+08 5.827E+08 6.207E+08 6.125E+08 5.672E+08 4.965E+08 4.129E+08
  18.00 11.958  5.384 1.296E+10 4.393E+08 8.343E+08 1.148E+09 1.357E+09 1.452E+09 1.441E+09 1.344E+09 1.186E+09 9.950E+08
  19.00 11.945  5.462 3.013E+10 9.934E+08 1.889E+09 2.606E+09 3.090E+09 3.322E+09 3.315E+09 3.110E+09 2.764E+09 2.339E+09
  20.00 11.932  5.536 6.860E+10 2.202E+09 4.194E+09 5.799E+09 6.897E+09 7.444E+09 7.465E+09 7.045E+09 6.303E+09 5.373E+09