   0.25 12.351  2.709 3.839E+00 4.886E-01 7.966E-01 8.500E-01 7.035E-01 4.764E-01 2.703E-01 1.301E-01 5.351E-02 1.891E-02
   0.50 12.351  2.709 5.733E+00 7.296E-01 1.189E+00 1.269E+00 1.051E+00 7.114E-01 4.036E-01 1.942E-01 7.991E-02 2.824E-02
   0.75 12.351  2.709 8.129E+00 1.034E+00 1.687E+00 1.800E+00 1.490E+00 1.009E+00 5.722E-01 2.754E-01 1.133E-01 4.004E-02
   1.00 12.351  2.709 1.136E+01 1.446E+00 2.357E+00 2.515E+00 2.082E+00 1.410E+00 7.997E-01 3.849E-01 1.583E-01 5.596E-02
   1.25 12.351  2.709 1.575E+01 2.005E+00 3.269E+00 3.488E+00 2.887E+00 1.955E+00 1.109E+00 5.337E-01 2.196E-01 7.760E-02
   1.50 12.343  2.709 2.174E+01 2.766E+00 4.510E+00 4.812E+00 3.983E+00 2.697E+00 1.530E+00 7.364E-01 3.030E-01 1.071E-01
   1.75 12.334  2.755 2.989E+01 3.686E+00 6.051E+00 6.529E+00 5.490E+00 3.793E+00 2.205E+00 1.093E+00 4.650E-01 1.707E-01
   2.00 12.325  2.834 4.098E+01 4.793E+00 7.953E+00 8.739E+00 7.537E+00 5.381E+00 3.257E+00 1.692E+00 7.602E-01 2.969E-01
   2.25 12.316  2.912 5.606E+01 6.234E+00 1.045E+01 1.167E+01 1.029E+01 7.568E+00 4.747E+00 2.573E+00 1.214E+00 5.011E-01
   2.50 12.307  2.987 7.656E+01 8.114E+00 1.372E+01 1.555E+01 1.400E+01 1.057E+01 6.847E+00 3.855E+00 1.901E+00 8.247E-01
   2.75 12.298  3.060 1.044E+02 1.057E+01 1.801E+01 2.068E+01 1.898E+01 1.467E+01 9.786E+00 5.703E+00 2.926E+00 1.328E+00
   3.00 12.290  3.132 1.422E+02 1.377E+01 2.364E+01 2.748E+01 2.565E+01 2.026E+01 1.388E+01 8.347E+00 4.441E+00 2.100E+00
   3.25 12.281  3.202 1.934E+02 1.797E+01 3.104E+01 3.649E+01 3.458E+01 2.787E+01 1.956E+01 1.210E+01 6.655E+00 3.268E+00
   3.50 12.273  3.270 2.628E+02 2.345E+01 4.076E+01 4.840E+01 4.652E+01 3.818E+01 2.740E+01 1.741E+01 9.868E+00 5.015E+00
   3.75 12.265  3.338 3.569E+02 3.063E+01 5.354E+01 6.417E+01 6.249E+01 5.215E+01 3.820E+01 2.486E+01 1.449E+01 7.602E+00
   4.00 12.257  3.403 4.842E+02 4.003E+01 7.034E+01 8.503E+01 8.381E+01 7.103E+01 5.302E+01 3.529E+01 2.111E+01 1.140E+01
   4.25 12.249  3.468 6.564E+02 5.236E+01 9.244E+01 1.126E+02 1.123E+02 9.652E+01 7.332E+01 4.982E+01 3.052E+01 1.694E+01
   4.50 12.241  3.531 8.894E+02 6.852E+01 1.215E+02 1.492E+02 1.502E+02 1.309E+02 1.010E+02 7.000E+01 4.384E+01 2.495E+01
   4.75 12.234  3.594 1.204E+03 8.972E+01 1.598E+02 1.975E+02 2.008E+02 1.771E+02 1.388E+02 9.792E+01 6.261E+01 3.647E+01
   5.00 12.226  3.655 1.630E+03 1.176E+02 2.101E+02 2.614E+02 2.682E+02 2.394E+02 1.903E+02 1.365E+02 8.895E+01 5.296E+01
   5.50 12.212  3.774 2.982E+03 2.021E+02 3.638E+02 4.578E+02 4.775E+02 4.352E+02 3.549E+02 2.624E+02 1.771E+02 1.097E+02
   6.00 12.197  3.890 5.444E+03 3.481E+02 6.305E+02 8.017E+02 8.482E+02 7.875E+02 6.570E+02 4.989E+02 3.473E+02 2.228E+02
   6.50 12.184  4.002 9.926E+03 6.006E+02 1.094E+03 1.404E+03 1.504E+03 1.420E+03 1.209E+03 9.398E+02 6.725E+02 4.450E+02
   7.00 12.170  4.112 1.807E+04 1.038E+03 1.900E+03 2.458E+03 2.664E+03 2.552E+03 2.212E+03 1.757E+03 1.288E+03 8.768E+02
   7.50 12.157  4.218 3.287E+04 1.796E+03 3.302E+03 4.304E+03 4.714E+03 4.576E+03 4.031E+03 3.264E+03 2.447E+03 1.707E+03
   8.00 12.145  4.303 5.935E+04 3.120E+03 5.754E+03 7.541E+03 8.323E+03 8.159E+03 7.275E+03 5.975E+03 4.554E+03 3.238E+03
   8.50 12.133  4.380 1.053E+05 5.345E+03 9.886E+03 1.302E+04 1.446E+04 1.430E+04 1.288E+04 1.071E+04 8.279E+03 5.980E+03
   9.00 12.121  4.453 1.836E+05 9.029E+03 1.674E+04 2.214E+04 2.474E+04 2.465E+04 2.241E+04 1.884E+04 1.475E+04 1.081E+04
   9.50 12.109  4.522 3.154E+05 1.505E+04 2.797E+04 3.713E+04 4.172E+04 4.185E+04 3.838E+04 3.259E+04 2.581E+04 1.916E+04
  10.00 12.098  4.589 5.344E+05 2.479E+04 4.617E+04 6.150E+04 6.944E+04 7.009E+04 6.478E+04 5.550E+04 4.442E+04 3.337E+04
  11.00 12.077  4.713 1.477E+06 6.503E+04 1.216E+05 1.629E+05 1.856E+05 1.894E+05 1.774E+05 1.545E+05 1.260E+05 9.665E+04
  12.00 12.057  4.828 3.904E+06 1.639E+05 3.075E+05 4.143E+05 4.754E+05 4.899E+05 4.643E+05 4.098E+05 3.395E+05 2.652E+05
  13.00 12.038  4.935 9.921E+06 3.991E+05 7.505E+05 1.016E+06 1.173E+06 1.219E+06 1.167E+06 1.043E+06 8.758E+05 6.950E+05
  14.00 12.020  5.035 2.435E+07 9.417E+05 1.775E+06 2.413E+06 2.802E+06 2.933E+06 2.833E+06 2.558E+06 2.175E+06 1.749E+06
  15.00 12.003  5.129 5.793E+07 2.160E+06 4.081E+06 5.567E+06 6.498E+06 6.846E+06 6.665E+06 6.074E+06 5.220E+06 4.251E+06
  16.00 11.988  5.219 1.340E+08 4.832E+06 9.146E+06 1.252E+07 1.468E+07 1.555E+07 1.525E+07 1.401E+07 1.216E+07 1.001E+07
  17.00 11.973  5.304 3.024E+08 1.056E+07 2.002E+07 2.748E+07 3.236E+07 3.446E+07 3.401E+07 3.149E+07 2.757E+07 2.293E+07
  18.00 11.958  5.384 6.665E+08 2.260E+07 4.292E+07 5.906E+07 6.979E+07 7.469E+07 7.414E+07 6.913E+07 6.099E+07 5.118E+07
  19.00 11.945  5.462 1.438E+09 4.742E+07 9.019E+07 1.244E+08 1.475E+08 1.586E+08 1.583E+08 1.485E+08 1.320E+08 1.116E+08
  20.00 11.932  5.536 3.045E+09 9.775E+07 1.862E+08 2.574E+08 3.061E+08 3.304E+08 3.313E+08 3.127E+08 2.797E+08 2.385E+08