   0.25 12.351  2.709 5.000E-31 1.000E-30 1.000E-30 1.000E-30 1.000E-30 1.000E-30 1.000E-30 1.000E-30 1.000E-30 1.000E-30
   0.50 12.351  2.709 5.000E-31 1.000E-30 1.000E-30 1.000E-30 1.000E-30 1.000E-30 1.000E-30 1.000E-30 1.000E-30 1.000E-30
   0.75 12.351  2.709 5.000E-31 1.000E-30 1.000E-30 1.000E-30 1.000E-30 1.000E-30 1.000E-30 1.000E-30 1.000E-30 1.000E-30
   1.00 12.351  2.709 5.000E-31 1.000E-30 1.000E-30 1.000E-30 1.000E-30 1.000E-30 1.000E-30 1.000E-30 1.000E-30 1.000E-30
   1.25 12.351  2.709 1.858E+01 2.365E+00 3.855E+00 4.114E+00 3.405E+00 2.306E+00 1.308E+00 6.295E-01 2.590E-01 9.153E-02
   1.50 12.343  2.709 3.035E+01 3.862E+00 6.297E+00 6.719E+00 5.562E+00 3.766E+00 2.136E+00 1.028E+00 4.230E-01 1.495E-01
   1.75 12.334  2.755 4.724E+01 5.827E+00 9.564E+00 1.032E+01 8.677E+00 5.996E+00 3.486E+00 1.727E+00 7.350E-01 2.698E-01
   2.00 12.325  2.834 7.172E+01 8.388E+00 1.392E+01 1.530E+01 1.319E+01 9.418E+00 5.700E+00 2.961E+00 1.330E+00 5.196E-01
   2.25 12.316  2.912 1.072E+02 1.192E+01 1.997E+01 2.230E+01 1.968E+01 1.447E+01 9.074E+00 4.918E+00 2.320E+00 9.578E-01
   2.50 12.307  2.987 1.583E+02 1.678E+01 2.836E+01 3.215E+01 2.895E+01 2.185E+01 1.416E+01 7.971E+00 3.930E+00 1.705E+00
   2.75 12.298  3.060 2.319E+02 2.347E+01 3.999E+01 4.594E+01 4.215E+01 3.259E+01 2.173E+01 1.267E+01 6.499E+00 2.950E+00
   3.00 12.290  3.132 3.373E+02 3.268E+01 5.609E+01 6.521E+01 6.085E+01 4.808E+01 3.293E+01 1.980E+01 1.054E+01 4.983E+00
   3.25 12.281  3.202 4.880E+02 4.533E+01 7.833E+01 9.206E+01 8.725E+01 7.032E+01 4.935E+01 3.054E+01 1.679E+01 8.246E+00
   3.50 12.273  3.270 7.027E+02 6.270E+01 1.090E+02 1.294E+02 1.244E+02 1.021E+02 7.326E+01 4.654E+01 2.638E+01 1.341E+01
   3.75 12.265  3.338 1.008E+03 8.651E+01 1.512E+02 1.812E+02 1.765E+02 1.473E+02 1.079E+02 7.022E+01 4.093E+01 2.147E+01
   4.00 12.257  3.403 1.441E+03 1.191E+02 2.093E+02 2.530E+02 2.494E+02 2.114E+02 1.578E+02 1.050E+02 6.281E+01 3.392E+01
   4.25 12.249  3.468 2.053E+03 1.638E+02 2.891E+02 3.523E+02 3.511E+02 3.019E+02 2.293E+02 1.558E+02 9.546E+01 5.297E+01
   4.50 12.241  3.531 2.918E+03 2.248E+02 3.987E+02 4.894E+02 4.928E+02 4.294E+02 3.315E+02 2.297E+02 1.438E+02 8.185E+01
   4.75 12.234  3.594 4.138E+03 3.082E+02 5.489E+02 6.784E+02 6.898E+02 6.085E+02 4.770E+02 3.364E+02 2.151E+02 1.253E+02
   5.00 12.226  3.655 5.854E+03 4.222E+02 7.546E+02 9.387E+02 9.631E+02 8.596E+02 6.834E+02 4.901E+02 3.194E+02 1.902E+02
   5.50 12.212  3.774 1.165E+04 7.898E+02 1.422E+03 1.789E+03 1.866E+03 1.701E+03 1.387E+03 1.025E+03 6.922E+02 4.288E+02
   6.00 12.197  3.890 2.304E+04 1.473E+03 2.668E+03 3.393E+03 3.590E+03 3.333E+03 2.781E+03 2.111E+03 1.470E+03 9.429E+02
   6.50 12.184  4.002 4.531E+04 2.741E+03 4.992E+03 6.407E+03 6.866E+03 6.480E+03 5.516E+03 4.289E+03 3.069E+03 2.031E+03
   7.00 12.170  4.112 8.865E+04 5.091E+03 9.317E+03 1.206E+04 1.307E+04 1.252E+04 1.085E+04 8.617E+03 6.320E+03 4.300E+03
   7.50 12.157  4.218 1.727E+05 9.439E+03 1.735E+04 2.262E+04 2.477E+04 2.404E+04 2.118E+04 1.715E+04 1.286E+04 8.971E+03
   8.00 12.145  4.303 3.332E+05 1.752E+04 3.230E+04 4.234E+04 4.673E+04 4.581E+04 4.084E+04 3.354E+04 2.557E+04 1.818E+04
   8.50 12.133  4.380 6.298E+05 3.198E+04 5.916E+04 7.789E+04 8.654E+04 8.556E+04 7.708E+04 6.408E+04 4.954E+04 3.578E+04
   9.00 12.121  4.453 1.168E+06 5.746E+04 1.065E+05 1.409E+05 1.574E+05 1.568E+05 1.426E+05 1.199E+05 9.386E+04 6.878E+04
   9.50 12.109  4.522 2.131E+06 1.017E+05 1.889E+05 2.508E+05 2.818E+05 2.827E+05 2.592E+05 2.201E+05 1.743E+05 1.294E+05
  10.00 12.098  4.589 3.825E+06 1.774E+05 3.304E+05 4.401E+05 4.969E+05 5.016E+05 4.636E+05 3.972E+05 3.179E+05 2.388E+05
  11.00 12.077  4.713 1.181E+07 5.199E+05 9.719E+05 1.303E+06 1.484E+06 1.514E+06 1.419E+06 1.235E+06 1.007E+06 7.727E+05
  12.00 12.057  4.828 3.467E+07 1.456E+06 2.731E+06 3.680E+06 4.222E+06 4.351E+06 4.124E+06 3.640E+06 3.015E+06 2.356E+06
  13.00 12.038  4.935 9.742E+07 3.919E+06 7.370E+06 9.976E+06 1.152E+07 1.197E+07 1.146E+07 1.024E+07 8.600E+06 6.824E+06
  14.00 12.020  5.035 2.632E+08 1.018E+07 1.919E+07 2.608E+07 3.029E+07 3.171E+07 3.063E+07 2.765E+07 2.351E+07 1.891E+07
  15.00 12.003  5.129 6.869E+08 2.562E+07 4.840E+07 6.601E+07 7.705E+07 8.118E+07 7.904E+07 7.202E+07 6.190E+07 5.041E+07
  16.00 11.988  5.219 1.738E+09 6.264E+07 1.186E+08 1.622E+08 1.902E+08 2.016E+08 1.977E+08 1.816E+08 1.576E+08 1.298E+08
  17.00 11.973  5.304 4.272E+09 1.492E+08 2.829E+08 3.883E+08 4.571E+08 4.869E+08 4.805E+08 4.450E+08 3.895E+08 3.239E+08
  18.00 11.958  5.384 1.024E+10 3.470E+08 6.591E+08 9.069E+08 1.072E+09 1.147E+09 1.139E+09 1.062E+09 9.367E+08 7.860E+08
  19.00 11.945  5.462 2.395E+10 7.897E+08 1.502E+09 2.072E+09 2.457E+09 2.641E+09 2.635E+09 2.472E+09 2.198E+09 1.859E+09
  20.00 11.932  5.536 5.485E+10 1.761E+09 3.354E+09 4.636E+09 5.515E+09 5.952E+09 5.969E+09 5.633E+09 5.040E+09 4.296E+09