   0.25               7.650E-02 0.000E+00 0.000E+00 7.650E-02 0.000E+00 0.000E+00 0.000E+00 0.000E+00 0.000E+00 0.000E+00
   0.50               1.290E-01 0.000E+00 0.000E+00 1.290E-01 0.000E+00 0.000E+00 0.000E+00 0.000E+00 0.000E+00 0.000E+00
   0.75               1.820E-01 0.000E+00 0.000E+00 1.820E-01 0.000E+00 0.000E+00 0.000E+00 0.000E+00 0.000E+00 0.000E+00
   1.00               8.390E-02 0.000E+00 0.000E+00 8.390E-02 0.000E+00 0.000E+00 0.000E+00 0.000E+00 0.000E+00 0.000E+00
   1.25               9.730E-02 0.000E+00 0.000E+00 9.730E-02 0.000E+00 0.000E+00 0.000E+00 0.000E+00 0.000E+00 0.000E+00
   1.50               1.650E-01 0.000E+00 0.000E+00 1.650E-01 0.000E+00 0.000E+00 0.000E+00 0.000E+00 0.000E+00 0.000E+00
   1.75               4.560E-01 1.060E-01 1.470E-01 2.030E-01 0.000E+00 0.000E+00 0.000E+00 0.000E+00 0.000E+00 0.000E+00
   2.00               1.140E+00 2.690E-01 5.050E-01 2.110E-01 1.120E-01 4.440E-02 0.000E+00 0.000E+00 0.000E+00 0.000E+00
   2.25               1.440E+00 1.540E-01 9.060E-01 2.030E-01 1.350E-01 4.570E-02 0.000E+00 0.000E+00 0.000E+00 0.000E+00
   2.50               2.420E+00 2.590E-01 1.330E+00 2.080E-01 4.130E-01 2.060E-01 0.000E+00 0.000E+00 0.000E+00 0.000E+00
   2.75               1.390E+00 9.540E-02 9.810E-01 8.350E-02 1.530E-01 7.230E-02 0.000E+00 0.000E+00 0.000E+00 0.000E+00
   3.00               6.920E-01 3.150E-02 5.580E-01 2.880E-02 5.100E-02 2.330E-02 0.000E+00 0.000E+00 0.000E+00 0.000E+00
   3.25               2.270E-01 9.780E-03 1.850E-01 9.170E-03 1.590E-02 7.120E-03 0.000E+00 0.000E+00 0.000E+00 0.000E+00
   3.50               4.150E-01 2.920E-03 6.520E-02 8.360E-02 4.750E-03 2.580E-01 0.000E+00 0.000E+00 0.000E+00 0.000E+00
   3.75               1.710E+00 9.610E-02 3.420E-01 4.490E-01 2.350E-01 5.870E-01 0.000E+00 0.000E+00 0.000E+00 0.000E+00
   4.00               6.140E+00 4.970E-01 1.160E+00 1.870E+00 1.310E+00 1.020E+00 1.530E-01 1.370E-01 0.000E+00 0.000E+00
   4.25               1.370E+01 9.850E-01 2.390E+00 3.530E+00 2.640E+00 2.690E+00 8.310E-01 6.070E-01 0.000E+00 0.000E+00
   4.50               2.250E+01 1.720E+00 3.670E+00 5.130E+00 4.080E+00 3.910E+00 2.230E+00 1.480E+00 1.650E-01 1.510E-01
   4.75               3.170E+01 2.440E+00 4.310E+00 6.170E+00 5.500E+00 5.270E+00 3.460E+00 2.710E+00 9.290E-01 8.180E-01
   5.00               5.180E+01 3.580E+00 5.180E+00 7.540E+00 7.880E+00 8.320E+00 6.220E+00 5.750E+00 3.390E+00 2.980E+00
   5.50               9.140E+01 4.530E+00 7.760E+00 1.080E+01 1.200E+01 1.310E+01 1.160E+01 1.060E+01 8.250E+00 6.620E+00
   6.00               4.140E+02 2.050E+01 3.670E+01 4.860E+01 5.520E+01 5.700E+01 5.240E+01 4.620E+01 3.710E+01 2.810E+01
   6.50               1.140E+03 5.290E+01 9.760E+01 1.310E+02 1.510E+02 1.560E+02 1.460E+02 1.280E+02 1.030E+02 7.640E+01
   7.00               1.190E+03 5.370E+01 1.020E+02 1.380E+02 1.590E+02 1.630E+02 1.550E+02 1.350E+02 1.070E+02 7.640E+01
   7.50               5.590E+02 2.550E+01 4.900E+01 6.650E+01 7.450E+01 7.680E+01 7.350E+01 6.520E+01 5.100E+01 3.690E+01
   8.00               1.950E+03 8.090E+01 1.520E+02 2.080E+02 2.410E+02 2.530E+02 2.460E+02 2.220E+02 1.850E+02 1.430E+02
   8.50               4.460E+03 1.830E+02 3.440E+02 4.710E+02 5.490E+02 5.760E+02 5.600E+02 5.070E+02 4.220E+02 3.280E+02
   9.00               7.470E+03 2.970E+02 5.610E+02 7.670E+02 8.980E+02 9.520E+02 9.280E+02 8.430E+02 7.110E+02 5.590E+02
   9.50               6.950E+03 2.690E+02 5.070E+02 6.950E+02 8.150E+02 8.700E+02 8.480E+02 7.780E+02 6.620E+02 5.290E+02
  10.00               6.800E+03 2.540E+02 4.790E+02 6.600E+02 7.770E+02 8.340E+02 8.190E+02 7.600E+02 6.530E+02 5.300E+02
  11.00               2.480E+04 8.750E+02 1.660E+03 2.300E+03 2.740E+03 2.950E+03 2.940E+03 2.740E+03 2.400E+03 1.980E+03
  12.00               4.870E+04 1.580E+03 3.010E+03 4.190E+03 5.020E+03 5.470E+03 5.540E+03 5.260E+03 4.710E+03 4.000E+03
  13.00               5.270E+04 1.770E+03 3.370E+03 4.680E+03 5.580E+03 6.050E+03 6.070E+03 5.720E+03 5.080E+03 4.260E+03
  14.00               2.210E+05 6.670E+03 1.280E+04 1.790E+04 2.160E+04 2.370E+04 2.420E+04 2.330E+04 2.130E+04 1.840E+04
  15.00               2.760E+05 8.110E+03 1.560E+04 2.180E+04 2.640E+04 2.910E+04 2.980E+04 2.890E+04 2.650E+04 2.310E+04
  16.00               5.310E+05 1.540E+04 2.960E+04 4.140E+04 5.010E+04 5.530E+04 5.680E+04 5.500E+04 5.060E+04 4.440E+04
  17.00               1.030E+06 2.790E+04 5.370E+04 7.560E+04 9.210E+04 1.020E+05 1.060E+05 1.050E+05 9.770E+04 8.720E+04
  18.00               1.010E+06 2.830E+04 5.450E+04 7.640E+04 9.260E+04 1.020E+05 1.050E+05 1.030E+05 9.480E+04 8.360E+04
  19.00               2.410E+06 6.180E+04 1.190E+05 1.680E+05 2.060E+05 2.300E+05 2.410E+05 2.390E+05 2.250E+05 2.040E+05
  20.00               3.620E+06 9.070E+04 1.750E+05 2.470E+05 3.020E+05 3.390E+05 3.550E+05 3.520E+05 3.340E+05 3.030E+05