   2.000    
   2.020    
   2.040    
   2.060    
   2.080    
   2.100    
   2.120    
   2.140    
   2.160    
   2.180    
   2.200    
   2.220    
   2.240    
   2.260    
   2.280    
   2.300    
   2.320    
   2.340    
   2.360    
   2.380    
   2.400    
   2.420    
   2.440    
   2.460    
   2.480    
   2.500    
   2.520    
   2.540    
   2.560    
   2.580    
   2.600    
   2.620    
   2.640    
   2.660    
   2.680    
   2.700    
   2.720    
   2.740    
   2.760    
   2.780    
   2.800    
   2.820    
   2.840    
   2.860    
   2.880    
   2.900    
   2.920    
   2.940    
   2.960    
   2.980    
   3.000    
   3.020    
   3.040    
   3.060    
   3.080    
   3.100    
   3.120    
   3.140    
   3.160    
   3.180    
   3.200    
   3.220    
   3.240    
   3.260    
   3.280    
   3.300    
   3.320    
   3.340    
   3.360    
   3.380    
   3.400    
   3.420    
   3.440    
   3.460    
   3.480    
   3.500    
   3.520    
   3.540    
   3.560    
   3.580    
   3.600    
   3.620    
   3.640    
   3.660    
   3.680    
   3.700    
   3.720    
   3.740    
   3.760    
   3.780    
   3.800    
   3.820    
   3.840    
   3.860    
   3.880    
   3.900    
   3.920    
   3.940    
   3.960    
   3.980    
   4.000    
   4.020    
   4.040    
   4.060    
   4.080    
   4.100    
   4.120    
   4.140    
   4.160    
   4.180    
   4.200    
   4.220    
   4.240    
   4.260    
   4.280    
   4.300    
   4.320    
   4.340    
   4.360    
   4.380    
   4.400    
   4.420    
   4.440    
   4.460    
   4.480    
   4.500    
   4.520    
   4.540    
   4.560    
   4.580    
   4.600    
   4.620    
   4.640    
   4.660    
   4.680    
   4.700    
   4.720    
   4.740    
   4.760    
   4.780    
   4.800    
   4.820    
   4.840    
   4.860    
   4.880    
   4.900    
   4.920    
   4.940    
   4.960    
   4.980    
   5.000    
