   0.25 12.323  3.335 5.000E-31
   0.50 12.323  3.335 5.000E-31
   0.75 12.323  3.335 5.000E-31
   1.00 12.323  3.335 5.000E-31
   1.25 12.323  3.335 6.371E-01
   1.50 12.323  3.335 7.099E-01
   1.75 12.323  3.335 8.302E-01
   2.00 12.323  3.335 9.953E-01
   2.25 12.323  3.335 1.212E+00
   2.50 12.323  3.335 1.494E+00
   2.75 12.316  3.335 1.856E+00
   3.00 12.306  3.368 2.322E+00
   3.25 12.296  3.403 2.922E+00
   3.50 12.286  3.437 3.693E+00
   3.75 12.276  3.472 4.686E+00
   4.00 12.266  3.506 5.967E+00
   4.25 12.257  3.539 7.622E+00
   4.50 12.247  3.573 9.760E+00
   4.75 12.238  3.606 1.253E+01
   5.00 12.229  3.638 1.612E+01
   5.50 12.211  3.703 2.683E+01
   6.00 12.194  3.767 4.494E+01
   6.50 12.178  3.829 7.572E+01
   7.00 12.161  3.890 1.282E+02
   7.50 12.146  3.961 2.178E+02
   8.00 12.131  4.057 3.649E+02
   8.50 12.116  4.146 5.998E+02
   9.00 12.102  4.230 9.693E+02
   9.50 12.088  4.309 1.542E+03
  10.00 12.075  4.384 2.420E+03
  11.00 12.049  4.522 5.740E+03
  12.00 12.025  4.649 1.303E+04
  13.00 12.003  4.765 2.851E+04
  14.00 11.981  4.874 6.037E+04
  15.00 11.961  4.975 1.242E+05
  16.00 11.942  5.070 2.491E+05
  17.00 11.924  5.160 4.881E+05
  18.00 11.907  5.246 9.370E+05
  19.00 11.892  5.327 1.765E+06
  20.00 11.876  5.405 3.268E+06