   0.25 12.323  3.335 2.975E-01 1.322E-02 3.626E-02 5.048E-02 5.397E-02 4.843E-02 3.776E-02 2.602E-02 1.600E-02 8.834E-03
   0.50 12.323  3.335 4.078E-01 1.812E-02 4.970E-02 6.920E-02 7.398E-02 6.639E-02 5.176E-02 3.567E-02 2.194E-02 1.211E-02
   0.75 12.323  3.335 5.590E-01 2.485E-02 6.813E-02 9.486E-02 1.014E-01 9.100E-02 7.095E-02 4.890E-02 3.007E-02 1.660E-02
   1.00 12.323  3.335 7.662E-01 3.406E-02 9.339E-02 1.300E-01 1.390E-01 1.247E-01 9.726E-02 6.703E-02 4.122E-02 2.276E-02
   1.25 12.323  3.335 1.050E+00 4.669E-02 1.280E-01 1.782E-01 1.906E-01 1.710E-01 1.333E-01 9.188E-02 5.650E-02 3.119E-02
   1.50 12.323  3.335 1.440E+00 6.400E-02 1.755E-01 2.443E-01 2.612E-01 2.344E-01 1.828E-01 1.259E-01 7.745E-02 4.276E-02
   1.75 12.323  3.335 1.974E+00 8.773E-02 2.406E-01 3.349E-01 3.581E-01 3.213E-01 2.505E-01 1.726E-01 1.062E-01 5.861E-02
   2.00 12.323  3.335 2.705E+00 1.203E-01 3.297E-01 4.591E-01 4.908E-01 4.405E-01 3.434E-01 2.367E-01 1.455E-01 8.035E-02
   2.25 12.323  3.335 3.709E+00 1.648E-01 4.520E-01 6.294E-01 6.728E-01 6.038E-01 4.708E-01 3.244E-01 1.995E-01 1.101E-01
   2.50 12.323  3.335 5.084E+00 2.260E-01 6.196E-01 8.627E-01 9.223E-01 8.276E-01 6.453E-01 4.447E-01 2.735E-01 1.510E-01
   2.75 12.316  3.335 6.969E+00 3.098E-01 8.494E-01 1.183E+00 1.264E+00 1.135E+00 8.846E-01 6.096E-01 3.749E-01 2.070E-01
   3.00 12.306  3.368 9.553E+00 4.166E-01 1.144E+00 1.599E+00 1.718E+00 1.552E+00 1.221E+00 8.500E-01 5.290E-01 2.961E-01
   3.25 12.296  3.403 1.309E+01 5.594E-01 1.539E+00 2.159E+00 2.332E+00 2.123E+00 1.685E+00 1.186E+00 7.474E-01 4.244E-01
   3.50 12.286  3.437 1.795E+01 7.516E-01 2.072E+00 2.915E+00 3.166E+00 2.902E+00 2.323E+00 1.652E+00 1.054E+00 6.070E-01
   3.75 12.276  3.472 2.461E+01 1.010E+00 2.790E+00 3.938E+00 4.299E+00 3.966E+00 3.201E+00 2.300E+00 1.484E+00 8.662E-01
   4.00 12.266  3.506 3.373E+01 1.358E+00 3.757E+00 5.321E+00 5.836E+00 5.419E+00 4.409E+00 3.198E+00 2.088E+00 1.234E+00
   4.25 12.257  3.539 4.624E+01 1.827E+00 5.061E+00 7.190E+00 7.923E+00 7.402E+00 6.069E+00 4.443E+00 2.932E+00 1.754E+00
   4.50 12.247  3.573 6.338E+01 2.459E+00 6.820E+00 9.718E+00 1.076E+01 1.011E+01 8.350E+00 6.167E+00 4.112E+00 2.490E+00
   4.75 12.238  3.606 8.688E+01 3.309E+00 9.193E+00 1.314E+01 1.460E+01 1.380E+01 1.148E+01 8.554E+00 5.761E+00 3.529E+00
   5.00 12.229  3.638 1.191E+02 4.456E+00 1.240E+01 1.776E+01 1.982E+01 1.884E+01 1.578E+01 1.186E+01 8.062E+00 4.993E+00
   5.50 12.211  3.703 2.238E+02 8.086E+00 2.255E+01 3.249E+01 3.654E+01 3.510E+01 2.979E+01 2.273E+01 1.574E+01 9.954E+00
   6.00 12.194  3.767 4.205E+02 1.469E+01 4.107E+01 5.945E+01 6.737E+01 6.534E+01 5.614E+01 4.346E+01 3.062E+01 1.974E+01
   6.50 12.178  3.829 7.902E+02 2.672E+01 7.487E+01 1.089E+02 1.242E+02 1.216E+02 1.057E+02 8.293E+01 5.936E+01 3.898E+01
   7.00 12.161  3.890 1.485E+03 4.865E+01 1.366E+02 1.995E+02 2.291E+02 2.261E+02 1.986E+02 1.579E+02 1.147E+02 7.665E+01
   7.50 12.146  3.961 2.788E+03 8.815E+01 2.481E+02 3.640E+02 4.209E+02 4.194E+02 3.727E+02 3.005E+02 2.219E+02 1.511E+02
   8.00 12.131  4.057 5.143E+03 1.551E+02 4.378E+02 6.461E+02 7.539E+02 7.601E+02 6.856E+02 5.627E+02 4.244E+02 2.958E+02
   8.50 12.116  4.146 9.277E+03 2.679E+02 7.582E+02 1.125E+03 1.323E+03 1.347E+03 1.231E+03 1.026E+03 7.882E+02 5.609E+02
   9.00 12.102  4.230 1.640E+04 4.551E+02 1.291E+03 1.924E+03 2.278E+03 2.342E+03 2.165E+03 1.829E+03 1.427E+03 1.035E+03
   9.50 12.088  4.309 2.847E+04 7.615E+02 2.165E+03 3.239E+03 3.859E+03 3.999E+03 3.734E+03 3.194E+03 2.528E+03 1.862E+03
  10.00 12.075  4.384 4.861E+04 1.257E+03 3.579E+03 5.375E+03 6.437E+03 6.721E+03 6.332E+03 5.477E+03 4.390E+03 3.281E+03
  11.00 12.049  4.522 1.356E+05 3.295E+03 9.414E+03 1.423E+04 1.720E+04 1.819E+04 1.741E+04 1.534E+04 1.257E+04 9.634E+03
  12.00 12.025  4.649 3.593E+05 8.266E+03 2.368E+04 3.597E+04 4.383E+04 4.683E+04 4.542E+04 4.066E+04 3.393E+04 2.656E+04
  13.00 12.003  4.765 9.109E+05 1.995E+04 5.726E+04 8.739E+04 1.072E+05 1.156E+05 1.133E+05 1.028E+05 8.719E+04 6.947E+04
  14.00 11.981  4.874 2.222E+06 4.652E+04 1.338E+05 2.050E+05 2.530E+05 2.748E+05 2.721E+05 2.498E+05 2.147E+05 1.737E+05
  15.00 11.961  4.975 5.237E+06 1.053E+05 3.033E+05 4.663E+05 5.783E+05 6.325E+05 6.317E+05 5.858E+05 5.094E+05 4.179E+05
  16.00 11.942  5.070 1.198E+07 2.318E+05 6.689E+05 1.031E+06 1.285E+06 1.414E+06 1.423E+06 1.331E+06 1.170E+06 9.714E+05
  17.00 11.924  5.160 2.665E+07 4.981E+05 1.439E+06 2.225E+06 2.783E+06 3.079E+06 3.119E+06 2.943E+06 2.610E+06 2.191E+06
  18.00 11.907  5.246 5.786E+07 1.047E+06 3.028E+06 4.692E+06 5.891E+06 6.549E+06 6.675E+06 6.343E+06 5.675E+06 4.809E+06
  19.00 11.892  5.327 1.228E+08 2.155E+06 6.241E+06 9.693E+06 1.221E+07 1.363E+07 1.397E+07 1.336E+07 1.205E+07 1.030E+07
  20.00 11.876  5.405 2.555E+08 4.354E+06 1.262E+07 1.965E+07 2.482E+07 2.783E+07 2.866E+07 2.758E+07 2.504E+07 2.158E+07
  22.50 11.842  5.585 1.472E+09 2.350E+07 6.828E+07 1.067E+08 1.357E+08 1.535E+08 1.598E+08 1.558E+08 1.436E+08 1.260E+08
  25.00 11.812  5.749 7.691E+09 1.159E+08 3.374E+08 5.293E+08 6.767E+08 7.709E+08 8.099E+08 7.982E+08 7.452E+08 6.630E+08
  30.00 11.763  6.039 1.660E+11 2.267E+09 6.618E+09 1.044E+10 1.346E+10 1.551E+10 1.653E+10 1.657E+10 1.578E+10 1.437E+10
  40.00 11.693  6.518 3.881E+13 4.554E+11 1.334E+12 2.122E+12 2.768E+12 3.239E+12 3.519E+12 3.611E+12 3.534E+12 3.318E+12
  50.00 11.648  6.909 4.790E+15 5.004E+13 1.470E+14 2.350E+14 3.089E+14 3.652E+14 4.020E+14 4.190E+14 4.175E+14 4.002E+14
  60.00 11.617  7.243 3.768E+17 3.583E+15 1.055E+16 1.692E+16 2.237E+16 2.665E+16 2.961E+16 3.121E+16 3.151E+16 3.066E+16
  70.00 11.595  7.536 2.108E+19 1.852E+17 5.459E+17 8.783E+17 1.166E+18 1.398E+18 1.564E+18 1.663E+18 1.697E+18 1.670E+18
  80.00 11.578  7.798 9.001E+20 7.385E+18 2.179E+19 3.515E+19 4.684E+19 5.639E+19 6.348E+19 6.797E+19 6.990E+19 6.946E+19
  90.00 11.565  8.036 3.080E+22 2.380E+20 7.031E+20 1.136E+21 1.518E+21 1.835E+21 2.075E+21 2.235E+21 2.314E+21 2.317E+21
 100.00 11.555  8.255 8.754E+23 6.411E+21 1.895E+22 3.068E+22 4.110E+22 4.983E+22 5.659E+22 6.124E+22 6.377E+22 6.427E+22
 110.00 11.547  8.458 2.123E+25 1.481E+23 4.382E+23 7.102E+23 9.534E+23 1.159E+24 1.321E+24 1.436E+24 1.502E+24 1.522E+24
 120.00 11.540  8.647 4.484E+26 2.994E+24 8.862E+24 1.438E+25 1.934E+25 2.357E+25 2.694E+25 2.939E+25 3.088E+25 3.144E+25
 130.00 11.534  8.824 8.391E+27 5.380E+25 1.593E+26 2.588E+26 3.486E+26 4.258E+26 4.881E+26 5.340E+26 5.632E+26 5.760E+26
 140.00 11.529  8.991 1.410E+29 8.707E+26 2.580E+27 4.195E+27 5.659E+27 6.924E+27 7.955E+27 8.729E+27 9.237E+27 9.482E+27
 150.00 11.525  9.150 2.151E+30 1.283E+28 3.803E+28 6.188E+28 8.359E+28 1.025E+29 1.180E+29 1.298E+29 1.377E+29 1.419E+29
 160.00 11.521  9.301 3.008E+31 1.737E+29 5.150E+29 8.387E+29 1.134E+30 1.392E+30 1.606E+30 1.771E+30 1.884E+30 1.947E+30
 170.00 11.518  9.444 3.887E+32 2.176E+30 6.455E+30 1.052E+31 1.424E+31 1.751E+31 2.023E+31 2.235E+31 2.385E+31 2.471E+31
 180.00 11.515  9.582 4.672E+33 2.541E+31 7.540E+31 1.230E+32 1.666E+32 2.051E+32 2.374E+32 2.628E+32 2.809E+32 2.918E+32
 190.00 11.512  9.713 5.253E+34 2.780E+32 8.253E+32 1.347E+33 1.826E+33 2.251E+33 2.609E+33 2.893E+33 3.100E+33 3.227E+33
 200.00 11.510  9.840 5.556E+35 2.865E+33 8.508E+33 1.389E+34 1.885E+34 2.326E+34 2.700E+34 2.999E+34 3.219E+34 3.359E+34