0.25 12.323  3.335 2.975E-01
0.50 12.323  3.335 4.078E-01
0.75 12.323  3.335 5.590E-01
1.00 12.323  3.335 7.662E-01
1.25 12.323  3.335 1.050E+00
1.50 12.323  3.335 1.440E+00
1.75 12.323  3.335 1.974E+00
2.00 12.323  3.335 2.705E+00
2.25 12.323  3.335 3.709E+00
2.50 12.323  3.335 5.084E+00
2.75 12.316  3.335 6.969E+00
3.00 12.306  3.368 9.553E+00
3.25 12.296  3.403 1.309E+01
3.50 12.286  3.437 1.795E+01
3.75 12.276  3.472 2.461E+01
4.00 12.266  3.506 3.373E+01
4.25 12.257  3.539 4.624E+01
4.50 12.247  3.573 6.338E+01
4.75 12.238  3.606 8.688E+01
5.00 12.229  3.638 1.191E+02
5.50 12.211  3.703 2.238E+02
6.00 12.194  3.767 4.205E+02
6.50 12.178  3.829 7.902E+02
7.00 12.161  3.890 1.485E+03
7.50 12.146  3.961 2.788E+03
8.00 12.131  4.057 5.143E+03
8.50 12.116  4.146 9.277E+03
9.00 12.102  4.230 1.640E+04
9.50 12.088  4.309 2.847E+04
10.00 12.075  4.384 4.861E+04
11.00 12.049  4.522 1.356E+05
12.00 12.025  4.649 3.593E+05
13.00 12.003  4.765 9.109E+05
14.00 11.981  4.874 2.222E+06
15.00 11.961  4.975 5.237E+06
16.00 11.942  5.070 1.198E+07
17.00 11.924  5.160 2.665E+07
18.00 11.907  5.246 5.786E+07
19.00 11.892  5.327 1.228E+08
20.00 11.876  5.405 2.555E+08