   3.200    
   3.215    
   3.230    
   3.245    
   3.260    
   3.275    
   3.290    
   3.305    
   3.320    
   3.335    
   3.350    
   3.365    
   3.380    
   3.395    
   3.410    
   3.425    
   3.440    
   3.455    
   3.470    
   3.485    
   3.500    
   3.515    
   3.530    
   3.545    
   3.560    
   3.575    
   3.590    
   3.605    
   3.620    
   3.635    
   3.650    
   3.665    
   3.680    
   3.695    
   3.710    
   3.725    
   3.740    
   3.755    
   3.770    
   3.785    
   3.800    
   3.815    
   3.830    
   3.845    
   3.860    
   3.875    
   3.890    
   3.905    
   3.920    
   3.935    
   3.950    
   3.965    
   3.980    
   3.995    
   4.010    
   4.025    
   4.040    
   4.055    
   4.070    
   4.085    
   4.100    
   4.115    
   4.130    
   4.145    
   4.160    
   4.175    
   4.190    
   4.205    
   4.220    
   4.235    
   4.250    
   4.265    
   4.280    
   4.295    
   4.310    
   4.325    
   4.340    
   4.355    
   4.370    
   4.385    
   4.400    
