    0.001  0.00000E+00  0.00000E+00  0.00000E+00  0.00000E+00
    0.002  1.69166E-12  1.21852E-11  8.50320E-20  6.12493E-19
    0.005  4.22915E-12  3.04629E-11  3.32156E-18  2.39255E-17
    0.010  8.45831E-12  6.09259E-11  5.31451E-17  3.82808E-16
    0.020  1.69167E-11  1.21852E-10  8.50327E-16  6.12495E-15
    0.050  4.22937E-11  3.04634E-10  3.32174E-14  2.39259E-13
    0.100  8.46008E-11  6.09299E-10  5.31563E-13  3.82834E-12
    0.200  1.69309E-10  1.21884E-09  8.51041E-12  6.12656E-11
    0.300  2.54233E-10  1.82887E-09  4.31296E-11  3.10260E-10
    0.400  3.39481E-10  2.43963E-09  1.36513E-10  9.81034E-10
    0.500  4.25162E-10  3.05137E-09  3.33921E-10  2.39654E-09
    0.600  5.11387E-10  3.66432E-09  6.94038E-10  4.97310E-09
    0.700  5.98269E-10  4.27875E-09  1.28935E-09  9.22127E-09
    0.800  6.85922E-10  4.89490E-09  2.20660E-09  1.57468E-08
    0.900  7.74462E-10  5.51300E-09  3.54738E-09  2.52520E-08
    1.000  8.64009E-10  6.13333E-09  5.42873E-09  3.85369E-08
    1.100  9.54685E-10  6.75613E-09  7.98395E-09  5.65010E-08
    1.200  1.04662E-09  7.38166E-09  1.13635E-08  8.01453E-08
    1.300  1.13993E-09  8.01018E-09  1.57358E-08  1.10574E-07
    1.400  1.23477E-09  8.64195E-09  2.12887E-08  1.48996E-07
    1.500  1.33126E-09  9.27723E-09  2.82303E-08  1.96731E-07
    1.600  1.42955E-09  9.91630E-09  3.67908E-08  2.55205E-07
    1.700  1.52979E-09  1.05594E-08  4.72237E-08  3.25962E-07
    1.800  1.63214E-09  1.12069E-08  5.98075E-08  4.10660E-07
    1.900  1.73676E-09  1.18589E-08  7.48482E-08  5.11078E-07
    2.000  1.84382E-09  1.25159E-08  9.26807E-08  6.29119E-07
    2.200  2.06598E-09  1.38457E-08  1.38221E-07  9.26325E-07
    2.400  2.30016E-09  1.51986E-08  1.99789E-07  1.32014E-06
    2.600  2.54805E-09  1.65772E-08  2.81389E-07  1.83068E-06
    2.800  2.81155E-09  1.79840E-08  3.87793E-07  2.48050E-06
    3.000  3.09278E-09  1.94216E-08  5.24679E-07  3.29480E-06
    3.200  3.39414E-09  2.08930E-08  6.98811E-07  4.30162E-06
    3.400  3.71831E-09  2.24012E-08  9.18254E-07  5.53207E-06
    3.600  4.06836E-09  2.39492E-08  1.19263E-06  7.02066E-06
    3.800  4.44776E-09  2.55403E-08  1.53346E-06  8.80556E-06
    4.000  4.86048E-09  2.71781E-08  1.95452E-06  1.09290E-05
    4.500  6.06957E-09  3.15017E-08  3.47516E-06  1.80365E-05
    5.000  7.60869E-09  3.62057E-08  5.97585E-06  2.84359E-05
    5.500  9.60730E-09  4.13665E-08  1.00431E-05  4.32431E-05
    6.000  1.22459E-08  4.70753E-08  1.66198E-05  6.38891E-05
    6.500  1.57631E-08  5.34415E-08  2.71995E-05  9.22145E-05
    7.000  2.04262E-08  6.05985E-08  4.40211E-05  1.30598E-04
    7.500  2.63851E-08  6.87093E-08  6.99395E-05  1.82129E-04
    8.000  3.32607E-08  7.79757E-08  1.06999E-04  2.50847E-04
    8.500  3.94861E-08  8.86492E-08  1.52363E-04  3.42067E-04
    9.000  4.23592E-08  1.01045E-07  1.94024E-04  4.62833E-04
    9.500  4.01918E-08  1.15564E-07  2.16515E-04  6.22549E-04
   10.000  3.43130E-08  1.32713E-07  2.15595E-04  8.33863E-04
   10.500  2.74587E-08  1.53143E-07  1.99723E-04  1.11390E-03
   11.000  2.13926E-08  1.77685E-07  1.78904E-04  1.48597E-03