   2.000    
   2.050    
   2.100    
   2.150    
   2.200    
   2.250    
   2.300    
   2.350    
   2.400    
   2.450    
   2.500    
   2.550    
   2.600    
   2.650    
   2.700    
   2.750    
   2.800    
   2.850    
   2.900    
   2.950    
   3.000    
   3.050    
   3.100    
   3.150    
   3.200    
   3.250    
   3.300    
   3.350    
   3.400    
   3.450    
   3.500    
   3.550    
   3.600    
   3.650    
   3.700    
   3.750    
   3.800    
   3.850    
   3.900    
   3.950    
   4.000    
   4.050    
   4.100    
   4.150    
   4.200    
   4.250    
   4.300    
   4.350    
   4.400    
   4.450    
   4.500    
   4.550    
   4.600    
   4.650    
   4.700    
   4.750    
   4.800    
   4.850    
   4.900    
   4.950    
   5.000    
