   3.000    
   3.050    
   3.100    
   3.150    
   3.200    
   3.250    
   3.300    
   3.350    
   3.400    
   3.450    
   3.500    
   3.550    
   3.600    
   3.650    
   3.700    
   3.750    
   3.800    
   3.850    
   3.900    
   3.950    
   4.000    
   4.050    
   4.100    
   4.150    
   4.200    
   4.250    
   4.300    
   4.350    
   4.400    
   4.450    
   4.500    
   4.550    
   4.600    
   4.650    
   4.700    
   4.750    
   4.800    
   4.850    
   4.900    
   4.950    
   5.000    
   5.050    
   5.100    
   5.150    
   5.200    
   5.250    
   5.300    
   5.350    
   5.400    
   5.450    
   5.500    
   5.550    
   5.600    
   5.650    
   5.700    
   5.750    
   5.800    
   5.850    
   5.900    
   5.950    
   6.000    
