
    0.100   5.493E-03
    0.200   5.917E-03
    0.300   6.373E-03
    0.400   6.864E-03
    0.500   7.389E-03
    0.600   7.948E-03
    0.700   8.542E-03
    0.800   9.171E-03
    0.900   9.837E-03
    1.000   1.054E-02
    1.100   1.128E-02
    1.200   1.205E-02
    1.300   1.287E-02
    1.400   1.372E-02
    1.500   1.461E-02
    1.600   1.555E-02
    1.700   1.653E-02
    1.800   1.755E-02
    1.900   1.862E-02
    2.000   1.973E-02
    2.100   2.090E-02
    2.200   2.212E-02
    2.300   2.339E-02
    2.400   2.472E-02
    2.500   2.611E-02
    2.600   2.757E-02
    2.700   2.911E-02
    2.800   3.073E-02
    2.900   3.245E-02
    3.000   3.428E-02
    3.100   3.626E-02
    3.200   3.844E-02
    3.300   4.089E-02
    3.400   4.377E-02
    3.500   4.741E-02
    3.600   5.246E-02
    3.700   5.956E-02
    3.800   6.698E-02
    3.900   7.261E-02
    4.000   7.699E-02
    4.100   8.078E-02
    4.200   8.429E-02
    4.300   8.768E-02
    4.400   9.104E-02
    4.500   9.442E-02
    4.600   9.785E-02
    4.700   1.013E-01
    4.800   1.049E-01
    4.900   1.086E-01
    5.000   1.124E-01
    5.100   1.162E-01
    5.200   1.203E-01
    5.300   1.244E-01
    5.400   1.287E-01
    5.500   1.331E-01
    5.600   1.377E-01
    5.700   1.424E-01
    5.800   1.473E-01
    5.900   1.524E-01
    6.000   1.577E-01
    6.100   1.632E-01
    6.2   0.234
   6.3   0.2554
   6.4   0.2767
   6.5   0.3159
   6.6   0.2052
   6.7   0.3378
   6.8   0.3724
   6.9   0.3343
   7.0   0.2686
   7.0   0.445
   7.1   0.4128
   7.2   0.3805
   7.3   0.3805
   7.3   0.3851
   7.3   0.3171
   7.4   0.3782
   7.5   0.4393
   7.6   0.3609
   7.7   0.2825
   7.8   0.3632
   7.9   0.4554
   8.0   0.4838
   8.1   0.5123
   8.2   0.5407
   8.3   0.5677
   8.4   0.5947
   8.5   0.6216
   8.6   0.6486
   8.7   0.6756
   8.8   0.6918
   8.9   0.7079
   9.0   0.7466
   9.1   0.7853
   9.2   0.824
   9.3   0.8627
   9.4   0.9014
   9.5   0.9401
   9.6   0.9788
   9.7   0.9761
   9.8   0.9733
   9.9   0.9706
   10.0   0.9678
   10.1   0.9651
   10.2   0.9624
   10.3   0.9596
   10.4   0.9569
   10.500   9.592E-01
   10.600   1.011E+00
   10.700   1.068E+00
   10.800   1.128E+00
   10.900   1.193E+00
   11.000   1.263E+00
   11.100   1.338E+00
   11.200   1.420E+00
   11.300   1.507E+00
   11.400   1.602E+00
   11.500   1.704E+00
   11.600   1.814E+00
   11.700   1.934E+00
   11.800   2.063E+00
   11.900   2.202E+00
   12.000   2.353E+00
   12.100   2.515E+00
   12.200   2.690E+00
   12.300   2.876E+00
   12.400   3.074E+00
   12.500   3.283E+00
   12.600   3.501E+00
   12.700   3.726E+00
   12.800   3.956E+00
   12.900   4.188E+00
   13.000   4.419E+00
   13.100   4.644E+00
   13.200   4.861E+00
   13.300   5.067E+00
   13.400   5.262E+00
   13.500   5.446E+00
   13.600   5.619E+00
   13.700   5.783E+00
   13.800   5.941E+00
   13.900   6.096E+00
   14.000   6.250E+00
   14.100   6.404E+00
   14.200   6.562E+00
   14.300   6.722E+00
   14.400   6.886E+00
   14.500   7.052E+00
   14.600   7.219E+00
   14.700   7.386E+00
   14.800   7.552E+00
   14.900   7.718E+00
   15.000   7.882E+00
   15.100   8.046E+00
   15.200   8.212E+00
   15.300   8.380E+00
   15.400   8.551E+00
   15.500   8.727E+00
   15.600   8.908E+00
   15.700   9.093E+00
   15.800   9.280E+00
   15.900   9.466E+00
   16.000   9.649E+00
   16.100   9.823E+00
   16.200   9.984E+00
   16.300   1.013E+01
   16.400   1.025E+01
   16.500   1.034E+01
   16.600   1.041E+01
   16.700   1.044E+01
   16.800   1.044E+01
   16.900   1.041E+01
   17.000   1.035E+01
   17.100   1.025E+01
   17.200   1.014E+01
   17.300   1.000E+01
   17.400   9.854E+00
   17.500   9.694E+00
   17.600   9.528E+00
   17.700   9.361E+00
   17.800   9.195E+00
   17.900   9.035E+00
   18.000   8.882E+00
   18.100   8.738E+00
   18.200   8.604E+00
   18.300   8.480E+00
   18.400   8.366E+00
   18.500   8.261E+00
   18.600   8.163E+00
   18.700   8.071E+00
   18.800   7.982E+00
   18.900   7.896E+00
   19.000   7.809E+00
   19.100   7.720E+00
   19.200   7.627E+00
   19.300   7.529E+00
   19.400   7.424E+00
   19.500   7.314E+00
   19.600   7.196E+00
   19.700   7.071E+00
   19.800   6.941E+00
   19.900   6.804E+00
   20.000   6.662E+00
   20.100   6.517E+00
   20.200   6.367E+00
   20.300   6.215E+00
   20.400   6.062E+00
   20.500   5.907E+00
   20.600   5.752E+00
   20.700   5.596E+00
   20.800   5.442E+00
   20.900   5.288E+00
   21.000   5.136E+00
   21.100   4.986E+00
   21.200   4.839E+00
   21.300   4.693E+00
   21.400   4.551E+00
   21.500   4.412E+00
   21.600   4.276E+00
   21.700   4.144E+00
   21.800   4.015E+00
   21.900   3.890E+00
   22.000   3.769E+00
   22.100   3.652E+00
   22.200   3.538E+00
   22.300   3.429E+00
   22.400   3.324E+00
   22.500   3.222E+00
   22.600   3.125E+00
   22.700   3.031E+00
   22.800   2.941E+00
   22.900   2.855E+00
   23.000   2.773E+00
   23.100   2.694E+00
   23.200   2.618E+00
   23.300   2.546E+00
   23.400   2.478E+00
   23.500   2.412E+00
   23.600   2.349E+00
   23.700   2.290E+00
   23.800   2.233E+00
   23.900   2.179E+00
   24.000   2.127E+00
   24.100   2.078E+00
   24.200   2.032E+00
   24.300   1.987E+00
   24.400   1.945E+00
   24.500   1.904E+00
   24.600   1.866E+00
   24.700   1.829E+00
   24.800   1.794E+00
   24.900   1.761E+00
   25.000   1.729E+00
   25.100   1.698E+00
   25.200   1.668E+00
   25.300   1.640E+00
   25.400   1.613E+00
   25.500   1.587E+00
   25.600   1.561E+00
   25.700   1.537E+00
   25.800   1.513E+00
   25.900   1.489E+00
   26.000   1.467E+00
   26.100   1.444E+00
   26.200   1.423E+00
   26.300   1.401E+00
   26.400   1.381E+00
   26.500   1.360E+00
   26.600   1.340E+00
   26.700   1.320E+00
   26.800   1.301E+00
   26.900   1.282E+00
   27.000   1.264E+00
   27.100   1.245E+00
   27.200   1.227E+00
   27.300   1.210E+00
   27.400   1.193E+00
   27.500   1.176E+00
   27.600   1.159E+00
   27.700   1.143E+00
   27.800   1.128E+00
   27.900   1.112E+00
   28.000   1.097E+00
   28.100   1.083E+00
   28.200   1.069E+00
   28.300   1.055E+00
   28.400   1.041E+00
   28.500   1.028E+00
   28.600   1.014E+00
   28.700   1.002E+00
   28.800   9.889E-01
   28.900   9.765E-01
   29.000   9.642E-01
   29.100   9.521E-01
   29.200   9.401E-01
   29.300   9.282E-01
   29.400   9.165E-01
   29.500   9.048E-01
   29.600   8.932E-01
   29.700   8.817E-01
   29.800   8.702E-01
   29.900   8.588E-01
   30.000   8.474E-01