38   87   198.68   9.5146
28   61   1332.1   331.6162
36   86   261.1776   18.3315
72   178   64.4114   17.9641
52   126   96.1501   23.288
70   173   77.8585   12.0243
74   180   54.788   10.9206
93   237   32.2705   23.4976
77   191   96.77   16.8134
48   111   77.918   22.6907
62   148   61.6292   16.8651
78   196   116.7765   16.6408
92   234   39.4079   20.0178
74   186   62.726   15.6052
43   99   101.13   18.1119
54   134   128.1758   5.0332
72   177   63.2304   21.8587
23   50   1107.1592   104.9226
36   83   267.0697   23.3586
60   144   75.6868   22.0513
54   132   113.9349   7.3791
38   88   194.334   12.8444
76   190   92.02   13.2468
36   84   261.2426   22.9979
41   93   146.732   11.4454
60   145   69.0695   25.809
24   52   1333.3917   79.6385
36   78   293.32   21.1903
73   181   53.8049   13.6791
56   135   86.2054   21.0442
48   112   91.558   31.5067
20   43   1133.6413   138.5327
80   198   231.821   41.6502
56   133   94.704   19.9434
50   114   73.668   30.3419
64   152   116.32   36.0478
50   122   68.9311   23.7599
90   232   33.924   24.3622
28   58   1709.3   347.5162
51   121   68.0532   3.4241
52   128   85.5528   1.3592
25   55   1430.2213   91.5135
20   44   1070.9213   88.0045
90   229   34.0564   25.1317
71   176   68.9024   17.7969
64   157   92.9193   8.6596
28   62   1131.188   146.2225
98   252   34.4421   23.7911
39   89   160.776   25.2205
63   151   129.88   21.5797
92   238   28.9648   23.2641
36   80   277.8633   26.3338
31   71   201.668   40.7373
50   117   54.55   19.4408
24   54   1394.7371   102.9613
24   53   1410.6499   111.8917
82   204   1265.936   297.5276
