41      1500      900 
43      1100      200 
44      750      40 
45      1300      400 
46      840      460 
47      810      240 
48      2300      140 
49      990.64      163.84930774912897 
50      1400      400 
51      1200      400 
52      1500      300 
51      600      200 
53      2000      500 
54      1400      500 
55      1500      500 
56      1100      400 
55      750      150 
57      1600      700 
58      920      410 
59      1850      500 
60      1130      110 
59      540      50 
60      2030      800 
61      2200      700 
62      1120      200 
63      2000      500 
65      910      270 
64      1400      700 
66      385      20 
65      490      30 
67      726      60 
68      390      60 
69      440      60 
71      320      40 
70      170      30 
72      266      20 
71      230      20 
73      185      50 
74      162      50 
75      195      45 
77      195      60 
76      115      35 
75      300      90 
77      230      70 
78      230      60 
79      390      60 
81      280      80 
80      253.88      27.764453419021947 
82      230      60 
81      300      50 
84      300      50 
85      230      60 
87      210      100 
86      160      30 
88      153      20 
85      256.892      24.39354047835406 
87      250      10 
88      170      30 
89      240      80 
90      260      80 
91      150      40 
92      190      50 
93      130      40 
94      65      15 
95      157      20 
97      140      40 
94      130      20 
93      85      20 
95      135      25 
96      170      10 
97      160      15 
98      135      15 
99      162      10 
101      100      15 
100      130      20 
100      85      10 
102      65      5 
103      140      15 
105      168.75      31.5621048942362 
104      100      15 
105      100      14 
106      195      20 
108      180      15 
109      160      10 
111      150      20 
108      147.95      23.769162180927673 
110      150      10 
107      125      25 
109      60      10 
111      80      8 
112      140      10 
113      130      15 
114      50      5 
115      155      15 
117      98      10 
114      105      10 
116      71      6 
113      77      5 
117      106      15 
118      54      4 
119      75      5 
120      77      4 
121      80.668      25.664387263297787 
122      73.586      16.020750169521662 
124      72.962      13.14420598979104 
123      45      7 
124      40      5 
125      100      16 
126      117      20 
127      52      5 
129      110      20 
128      100      20 
130      100      20 
130      62.628      20.396904666644883 
132      59      10 
134      35      5 
135      53      15 
136      106      6 
131      121      10 
135      74      4 
136      87      7 
137      110      10 
138      120      20 
139      138.274      29.058159034703735 
139      107.278      25.82551887811057 
140      112.04      24.327737664156846 
141      114.548      22.37374897170065 
142      114      20 
143      118.236      28.967830080275654 
144      135      30 
145      120      10 
146      160      40 
147      86      8 
149      100      30 
151      78      8 
148      135      25 
145      80      10 
148      55      20 
149      99.208      27.652522062338942 
150      94.808      29.872792083228003 
151      95      25 
152      55      2 
153      61.054      29.138001156056365 
155      35      9 
152      95.78      26.1412658741023 
153      59.882      32.24771277696346 
154      88      9 
155      47      5 
156      56.662      23.231074023003927 
153      67      25 
154      40      5 
155      55      8 
156      58      7 
157      86      9 
158      67      8 
159      69      5 
161      95      5 
160      74      5 
161      69      4 
162      44      4 
163      62      4 
164      60      5 
165      60      5 
166      79      13 
167      95      12 
168      92      12 
169      160      25 
170      96      18 
171      135      25 
169      105      10 
170      97      10 
171      88      12 
172      108      10 
173      75      6 
174      65      8 
175      54      5 
176      111      15 
177      97      7 
177      108      10 
178      112      20 
179      113      13 
180      114      14 
181      112      10 
181      94.952      24.522498462672395 
182      102.27      23.69314339265702 
183      77      5 
181      85      10 
183      98.586      23.978928259589857 
184      97.412      25.2596080644314 
185      105.08      23.003796852398498 
187      92      8 
186      88      5 
188      122      20 
187      97      10 
188      77      10 
189      80      25 
190      83      12 
192      70      10 
193      75      5 
194      68.432      23.717943190593438 
193      65      15 
195      74      5 
196      77      5 
197      63      14 
198      60      10 
199      66      5 
200      54      5 
201      66      6 
202      50      5 
204      73.22      24.13609140501429 
206      51      3 
205      57      3 
207      67      3 
210      70      15 
227      55      5 
229      77      10 
230      57      7 
231      51      7 
233      57      7 
232      61      9 
234      90.0      23.434707513618655 
234      74      10 
235      88      8 
236      93      6 
237      93.0      26.084268524387294 
239      92      5 
238      81      11 
239      100      10 
240      93      10 
241      120      20 
242      72      13 
243      126.824      25.559215348906417 
242      60      2 
244      120      20 
243      128      6 
244      120      20 
245      295      20 
246      450      100 
247      400      100 
248      690      70 
249      1100      200 
250      1211.54      482.3476913270885 
