93   236   0.0006   0.0843
21   45   1.7482   0.4356
67   165   0.0047   0.0844
20   43   1.7482   0.4356
55   133   0.0242   0.0792
42   95   0.1048   0.1206
79   197   0.0248   0.075
95   243   0.0005   0.0845
93   237   0.0011   0.0841
39   89   2.5392   1.142
51   123   0.0218   0.0881
22   49   2.0956   0.3226
60   147   0.0263   0.0822
90   229   0.0005   0.0844
49   115   0.0129   0.0802
32   73   0.3586   0.085
51   123   0.0218   0.0881
55   135   0.0445   0.0811
81   205   3.268   0.8503
23   50   3.8191   0.4461
49   113   0.0143   0.0836
96   247   0.0008   0.0844
64   157   0.0026   0.0841
95   243   0.0005   0.0845
40   91   1.7481   0.9831
56   133   0.0593   0.0443
53   129   0.0217   0.0857
43   99   0.0229   0.0862
29   63   1.6176   0.2212
91   233   0.0007   0.0844
29   63   1.6176   0.2212
37   85   0.4979   0.3318
46   107   0.0222   0.0824
73   181   0.0036   0.0839
60   143   0.0731   0.0822
69   170   0.0077   0.0851
57   139   0.1763   0.1017
