41      45.0      4.0 
43      20.0      5.0 
44      1.8      0.3 
45      24.1      3.2 
46      1.3      0.1 
47      25.0      4.0 
48      1.75      0.25 
49      20.8      2.5 
50      4.0      0.8 
51      24.9      1.6 
51      2.0      0.1 
52      4.0      0.6 
51      12.5      1.2 
53      32.0      3.5 
54      6.7      0.6 
55      50.0      8.0 
56      2.3      0.4 
55      20.5      1.4 
57      25.4      2.2 
58      7.05      0.7 
59      21.6      2.6 
60      1.45      0.15 
59      13.4      0.9 
60      2.0      0.7 
61      13.8      0.9 
62      2.1      0.15 
63      16.0      3.0 
65      23.6      3.0 
64      0.7      0.09 
66      1.3      0.11 
65      2.3      0.3 
67      4.62      0.55 
68      0.37      0.02 
69      5.56      0.43 
71      6.52      0.42 
70      0.316      0.041 
72      0.38      0.06 
71      1.17      0.23 
73      1.5      0.3 
74      0.062      0.015 
75      3.0      1.0 
77      4.5      1.0 
76      0.09      0.008 
75      0.34      0.08 
77      0.65      0.1 
78      0.12      0.015 
79      1.5      0.3 
81      2.4      0.8 
83      5.0      2.5 
80      0.047      0.005 
82      0.1      0.015 
79      0.25      0.08 
81      0.28      0.08 
84      0.2      0.1 
85      4.0      0.4 
87      29.0      1.5 
86      0.172      0.008 
88      1.63      0.15 
85      0.32      0.12 
87      2.6      0.8 
88      0.29      0.08 
89      23.7      2.9 
90      3.7      0.4 
91      6.0      1.4 
92      0.55      0.1 
93      3.5      0.8 
94      0.302      0.075 
95      4.0      0.8 
97      13.0      3.0 
94      0.094      0.01 
93      2.7      0.5 
95      1.32      0.18 
96      0.081      0.014 
97      1.05      0.2 
98      0.06      0.01 
99      1.0      0.2 
101      0.62      0.1 
100      0.014      0.0012 
100      0.025      0.004 
101      0.345      0.06 
102      0.018      0.003 
103      0.28      0.05 
105      0.32      0.065 
104      0.032      0.004 
105      0.3      0.06 
106      0.0103      0.0005 
107      0.217      0.06 
108      0.011      0.0008 
109      0.182      0.033 
111      0.275      0.08 
108      0.028      0.002 
110      0.018      0.001 
107      0.165      0.035 
109      0.12      0.03 
111      0.155      0.02 
112      0.027      0.002 
113      0.19      0.025 
114      0.0248      0.0026 
115      0.21      0.02 
117      0.704      0.27 
114      0.0107      0.0008 
116      0.0095      0.0005 
113      0.158      0.047 
115      0.286      0.11 
117      0.45      0.05 
118      0.061      0.007 
119      0.7      0.015 
120      0.09      0.02 
121      1.25      0.2 
123      2.96      0.15 
125      5.0      1.0 
122      0.013      0.002 
124      0.024      0.003 
123      0.146      0.014 
124      0.0251      0.0028 
125      0.22      0.03 
126      0.043      0.003 
127      0.64      0.17 
129      1.51      0.37 
131      1.5      0.5 
128      0.015      0.002 
130      0.02      0.003 
129      0.25      0.1 
130      0.038      0.005 
131      0.174      0.028 
132      0.049      0.008 
133      0.75      0.23 
135      0.8      0.4 
137      28.8      2.7 
134      0.021      0.002 
135      0.016      0.003 
136      0.051      0.026 
131      0.058      0.01 
133      0.11      0.035 
134      0.02      0.008 
135      0.371      0.036 
136      0.04      0.006 
137      1.21      0.119 
138      0.35      0.05 
139      18.7      2.9 
139      0.032      0.006 
140      0.22      0.02 
137      0.06      0.02 
141      3.1      0.5 
142      0.065      0.02 
143      1.1      0.3 
142      0.11      0.02 
143      1.03      0.135 
144      0.038      0.002 
145      0.45      0.05 
146      0.017      0.002 
147      0.34      0.05 
148      0.004      0.0015 
149      0.155      0.02 
151      0.165      0.015 
148      0.0052      0.0012 
145      0.77      0.045 
148      0.0057      0.0005 
149      0.065      0.02 
150      0.0024      0.0002 
151      0.046      0.008 
152      0.0014      0.00015 
153      0.046      0.003 
155      0.114      0.015 
152      0.00073      7e-05 
153      0.00056      0.0002 
154      0.0011      0.0002 
155      0.00092      0.00012 
156      0.0043      0.0015 
153      0.014      0.003 
154      0.003      0.0006 
155      0.0145      0.0015 
156      0.0017      0.0002 
157      0.03      0.006 
158      0.0049      0.0005 
159      0.082      0.006 
161      0.18      0.02 
160      0.00382      0.0024 
157      0.0028      0.0006 
159      0.022      0.011 
161      0.027      0.005 
162      0.0024      0.0002 
163      0.062      0.005 
164      0.0068      0.0006 
165      0.15      0.01 
166      0.0042      0.0005 
163      0.0069      0.0012 
165      0.021      0.004 
167      0.038      0.003 
168      0.0042      0.0003 
169      0.1      0.01 
171      0.147      0.02 
170      0.0085      0.0007 
171      0.0039      0.001 
169      0.008      0.003 
170      0.0016      0.0004 
171      0.035      0.006 
172      0.0069      0.0005 
173      0.076      0.005 
174      0.0075      0.0005 
175      0.192      0.018 
177      0.24      0.02 
176      0.00345      0.00015 
177      0.00161      0.00016 
175      0.018      0.005 
177      0.03      0.007 
178      0.0024      0.0003 
179      0.057      0.006 
180      0.0046      0.0003 
181      0.094      0.015 
181      0.0012      0.0002 
182      0.0042      0.0003 
183      0.0035      0.0007 
181      0.02      0.007 
183      0.06      0.006 
184      0.012      0.001 
185      0.075      0.007 
187      0.099      0.008 
186      0.0031      0.0003 
188      0.0039      0.0003 
187      0.029      0.002 
188      0.0051      0.0002 
189      0.047      0.004 
190      0.0034      0.0004 
191      0.07      0.04 
193      0.115      0.06 
192      0.0025      0.0003 
193      0.0005      0.0002 
194      0.0058      0.0005 
193      0.0314      0.0013 
195      0.082      0.01 
196      0.018      0.003 
197      0.35      0.1 
199      0.34      0.09 
198      0.0155      0.0008 
199      0.105      0.035 
200      0.08      0.03 
201      0.6      0.15 
202      0.09      0.03 
204      0.47      0.05 
206      4.0      0.4 
205      2.1      0.2 
207      30.0      6.0 
208      30.0      8.0 
209      90.0      15.0 
210      4.45      0.4 
227      0.031      0.006 
229      0.005      0.003 
230      0.00062      0.00012 
231      0.0096      0.0015 
233      0.0165      0.0004 
232      0.00051      3e-05 
233      0.00042      8e-05 
234      0.00078      0.0001 
233      0.0046      0.0005 
234      0.00052      2e-05 
235      0.0112      0.0008 
236      0.00045      3e-05 
237      0.014      0.001 
238      0.0035      0.0008 
239      0.0203      0.0006 
237      0.0006      6e-05 
238      0.00057      3e-05 
239      0.00041      0.0001 
239      0.0083      0.0005 
240      0.0022      9e-05 
241      0.013      0.0005 
242      0.00093      8e-05 
243      0.0135      0.0015 
245      0.019      0.003 
242      0.00058      4e-05 
243      0.00027      3e-05 
244      0.00073      6e-05 
243      0.014      0.003 
244      0.00069      5e-05 
245      0.0118      0.0012 
246      0.00079      5e-05 
247      0.03      0.005 
248      0.0012      0.0003 
249      0.03      0.005 
250      0.0011      0.0001 
250      0.00076      0.0001 
253      0.027      0.003 
