72   178   0.0373   1.448
52   130   1.1452   1.4462
88   226   0.5482   2.5349
48   114   0.2513   1.3937
90   230   0.0082   1.4524
26   54   36.8938   10.3879
52   124   1.8124   1.957
28   64   14.2862   2.0026
36   80   2.0955   1.3804
70   176   0.121   1.4608
92   238   0.0098   1.454
50   122   1.2515   1.3388
60   148   0.2297   1.3751
72   180   0.0378   1.4453
92   236   0.01   1.4545
42   94   2.5375   0.8096
54   134   4.1356   4.0373
82   204   33.4042   12.5262
66   156   0.0254   1.4515
94   240   0.0108   1.4531
76   190   0.0624   1.4396
20   44   21.3908   3.7217
32   74   1.8163   1.5766
46   110   0.1935   1.414
28   58   19.648   3.2029
26   58   27.2458   5.922
94   242   0.0147   1.4526
56   134   0.7574   1.6549
30   64   9.0426   1.7637
68   164   0.0642   1.43
20   40   21.3908   3.7217
