# Z   A     D0        dD0          D01         D05         D06
22   45   13.1095   4.0457      0.52635     0.14041     0.16263
23   50   5.7038   2.7117       2.50378     1.51962     8.81166
25   52   23.0771   4.7943      1.13476     0.36566     0.32048
27   56   19.5627   3.6915      0.95963     0.53133     1.11680
29   57   4.7139   2.0795       1.05052     0.41608     2.86382
29   59   2.4046   0.9499       0.67945     0.55480     1.09584
29   60   4.0445   2.0853
29   61   3.9482   2.0429
29   63   3.676   3.0181
30   62   3.1216   0.2448
30   64   3.2347   0.5558
31   63   2.1734   0.653
31   66   2.0287   0.8349
31   68   1.2125   1.4306
33   70   0.8531   1.1758
33   72   0.9095   0.8276
33   74   0.414   0.8685
39   84
39   87   1.6477   1.209
39   88   2.0758   0.9651
40   89   3.3249   1.1131