# Z   A     Gg          dG          Gg1         Gg5         Gg6
22   44   1178.3677   92.6153       2748.38     1710.71     3453.53
23   49   1241.3125   349.6634      1452.64     1715.91     11097.39
25   51   1365.121   177.2952       2428.57     2268.15     2047.68
27   55   1234.0213   139.4044      1962.51     1445.41     2352.89
27   57   1037.284   291.538        2923.74     2517.79     16267.30 
29   59   989.334   308.2034        1352.12     1689.80     4004.60 
29   60   836.654   183.3827
29   61   827.914   166.137
29   63   686.032   162.8659
30   62   643.012   58.7884
30   64   667.924   61.4474
31   63   607.206   31.7898
31   65   483.652   100.5056
31   67   402.198   88.6513
33   69   278.45   70.1602
33   71   245.384   81.3299
33   73   247.524   82.5939
39   83   245.1187   60.7102
39   87   187.608   7.1356
40   88   163.174   39.0567
